# E (eV)  pdos(E) 
  -24.093999863    0.000016116
  -24.073999405    0.000038983
  -24.054000854    0.000090490
  -24.034000397    0.000201287
  -24.013999939    0.000429489
  -23.993999481    0.000879384
  -23.974000931    0.001725985
  -23.954000473    0.003250577
  -23.934000015    0.005874043
  -23.913999557    0.010188063
  -23.893999100    0.016947242
  -23.874000549    0.027064092
  -23.854000092    0.041486412
  -23.833999634    0.061046924
  -23.813999176    0.086234681
  -23.794000626    0.116977200
  -23.774000168    0.152363718
  -23.753999710    0.190551251
  -23.733999252    0.228993952
  -23.714000702    0.264313996
  -23.694000244    0.293149620
  -23.673999786    0.312289149
  -23.653999329    0.319795251
  -23.634000778    0.314597785
  -23.614000320    0.297472566
  -23.593999863    0.270386577
  -23.573999405    0.236193642
  -23.554000854    0.198278040
  -23.534000397    0.159914419
  -23.513999939    0.124046251
  -23.493999481    0.092468798
  -23.474000931    0.066191576
  -23.454000473    0.045571819
  -23.434000015    0.030148450
  -23.413999557    0.019148374
  -23.393999100    0.011689832
  -23.374000549    0.006854256
  -23.354000092    0.003861194
  -23.333999634    0.002088052
  -23.313999176    0.001084120
  -23.294000626    0.000540592
  -23.274000168    0.000258631
  -23.253999710    0.000118787
  -23.233999252    0.000052378
  -23.214000702    0.000022159
  -23.194000244    0.000008993
  -23.173999786    0.000003501
  -23.153999329    0.000001308
  -23.134000778    0.000000470
  -23.114000320    0.000000168
  -23.093999863    0.000000079
  -23.073999405    0.000000100
  -23.054000854    0.000000263
  -23.034000397    0.000000769
  -23.013999939    0.000002186
  -22.993999481    0.000005962
  -22.974000931    0.000015565
  -22.954000473    0.000038926
  -22.934000015    0.000093226
  -22.913999557    0.000213910
  -22.893999100    0.000469766
  -22.874000549    0.000988434
  -22.854000092    0.001991890
  -22.833999634    0.003843748
  -22.813999176    0.007104908
  -22.794000626    0.012572655
  -22.774000168    0.021323670
  -22.753999710    0.034629364
  -22.733999252    0.053811230
  -22.714000702    0.080139346
  -22.694000244    0.114324473
  -22.673999786    0.156137511
  -22.653999329    0.204253241
  -22.634000778    0.255885452
  -22.614000320    0.307308018
  -22.593999863    0.353355050
  -22.573999405    0.389521360
  -22.554000854    0.412456185
  -22.534000397    0.420856178
  -22.513999939    0.417141765
  -22.493999481    0.408454955
  -22.474000931    0.409094095
  -22.454000473    0.441801965
  -22.434000015    0.541422784
  -22.413999557    0.758750141
  -22.393999100    1.164960146
  -22.374000549    1.854500055
  -22.354000092    2.944648981
  -22.333999634    4.569180489
  -22.313999176    6.862899780
  -22.294000626    9.943195343
  -22.274000168   13.873504639
  -22.253999710   18.641496658
  -22.233999252   24.130409241
  -22.214000702   30.115705490
  -22.194000244   36.268188477
  -22.173999786   42.208572388
  -22.153999329   47.529499054
  -22.134000778   51.885192871
  -22.114000320   55.013805389
  -22.093999863   56.819252014
  -22.073999405   57.337879181
  -22.054000854   56.704635620
  -22.034000397   55.147327423
  -22.013999939   52.964199066
  -21.993999481   50.443897247
  -21.974000931   47.829193115
  -21.954000473   45.286685944
  -21.934000015   42.947059631
  -21.913999557   40.865676880
  -21.893999100   39.040092468
  -21.874000549   37.449104309
  -21.854000092   36.067401886
  -21.833999634   34.838211060
  -21.813999176   33.728897095
  -21.794000626   32.751602173
  -21.774000168   31.906322479
  -21.753999710   31.253087997
  -21.733999252   30.856298447
  -21.714000702   30.823928833
  -21.694000244   31.269191742
  -21.673999786   32.306507111
  -21.653999329   34.088005066
  -21.634000778   36.711208344
  -21.614000320   40.243076324
  -21.593999863   44.699184418
  -21.573999405   49.991992950
  -21.554000854   55.933521271
  -21.534000397   62.208026886
  -21.513999939   68.429031372
  -21.493999481   74.183975220
  -21.474000931   79.029998779
  -21.454000473   82.653984070
  -21.434000015   84.887992859
  -21.413999557   85.668983459
  -21.393999100   85.095001221
  -21.374000549   83.388984680
  -21.354000092   80.859031677
  -21.333999634   77.808937073
  -21.313999176   74.542030334
  -21.294000626   71.336982727
  -21.274000168   68.388000488
  -21.253999710   65.800979614
  -21.233999252   63.618007660
  -21.214000702   61.853019714
  -21.194000244   60.407047272
  -21.173999786   59.162036896
  -21.153999329   58.029003143
  -21.134000778   56.891021729
  -21.114000320   55.658969879
  -21.093999863   54.354614258
  -21.073999405   52.996028900
  -21.054000854   51.648384094
  -21.034000397   50.396713257
  -21.013999939   49.298782349
  -20.993999481   48.407524109
  -20.974000931   47.746768951
  -20.954000473   47.274986267
  -20.934000015   46.940074921
  -20.913999557   46.676845551
  -20.893999100   46.402873993
  -20.874000549   46.063095093
  -20.854000092   45.618888855
  -20.833999634   45.047882080
  -20.813999176   44.381984711
  -20.794000626   43.633903503
  -20.774000168   42.875804901
  -20.753999710   42.159492493
  -20.733999252   41.552486420
  -20.714000702   41.106586456
  -20.694000244   40.832611084
  -20.673999786   40.778083801
  -20.653999329   40.875205994
  -20.634000778   41.102493286
  -20.614000320   41.383594513
  -20.593999863   41.633090973
  -20.573999405   41.752983093
  -20.554000854   41.699008942
  -20.534000397   41.441883087
  -20.513999939   40.976497650
  -20.493999481   40.360912323
  -20.474000931   39.645286560
  -20.454000473   38.921306610
  -20.434000015   38.234813690
  -20.413999557   37.654605865
  -20.393999100   37.190105438
  -20.374000549   36.815402985
  -20.354000092   36.533210754
  -20.333999634   36.284206390
  -20.313999176   36.049209595
  -20.294000626   35.800720215
  -20.274000168   35.516799927
  -20.253999710   35.216499329
  -20.233999252   34.888103485
  -20.214000702   34.564411163
  -20.194000244   34.254692078
  -20.173999786   33.942611694
  -20.153999329   33.644500732
  -20.134000778   33.333381653
  -20.114000320   32.985797882
  -20.093999863   32.581268311
  -20.073999405   32.104583740
  -20.054000854   31.549983978
  -20.034000397   30.926984787
  -20.013999939   30.259078979
  -19.993999481   29.568382263
  -19.974000931   28.881389618
  -19.954000473   28.213090897
  -19.934000015   27.569398880
  -19.913999557   26.946294785
  -19.893999100   26.342103958
  -19.874000549   25.756992340
  -19.854000092   25.201791763
  -19.833999634   24.701992035
  -19.813999176   24.289001465
  -19.794000626   23.992092133
  -19.774000168   23.840993881
  -19.753999710   23.841293335
  -19.733999252   23.988288879
  -19.714000702   24.263101578
  -19.694000244   24.637088776
  -19.673999786   25.078889847
  -19.653999329   25.568508148
  -19.634000778   26.092180252
  -19.614000320   26.641897202
  -19.593999863   27.208396912
  -19.573999405   27.778503418
  -19.554000854   28.319004059
  -19.534000397   28.783697128
  -19.513999939   29.113777161
  -19.493999481   29.249086380
  -19.474000931   29.131782532
  -19.454000473   28.741479874
  -19.434000015   28.078592300
  -19.413999557   27.189201355
  -19.393999100   26.146293640
  -19.374000549   25.044193268
  -19.354000092   23.990291595
  -19.333999634   23.083709717
  -19.313999176   22.406404495
  -19.294000626   22.020601273
  -19.274000168   21.953998566
  -19.253999710   22.209701538
  -19.233999252   22.760986328
  -19.214000702   23.558898926
  -19.194000244   24.534610748
  -19.173999786   25.605100632
  -19.153999329   26.683111191
  -19.134000778   27.681402206
  -19.114000320   28.518400192
  -19.093999863   29.135419846
  -19.073999405   29.483812332
  -19.054000854   29.552129745
  -19.034000397   29.342714310
  -19.013999939   28.891212463
  -18.993999481   28.247995377
  -18.974000931   27.481987000
  -18.954000473   26.670698166
  -18.934000015   25.897293091
  -18.913999557   25.234498978
  -18.893999100   24.750703812
  -18.874000549   24.493999481
  -18.854000092   24.489700317
  -18.833999634   24.740303040
  -18.813999176   25.215995789
  -18.794000626   25.863405228
  -18.774000168   26.613998413
  -18.753999710   27.384820938
  -18.733999252   28.092912674
  -18.714000702   28.662927628
  -18.694000244   29.041820526
  -18.673999786   29.192306519
  -18.653999329   29.141801834
  -18.634000778   28.899002075
  -18.614000320   28.507513046
  -18.593999863   28.044733047
  -18.573999405   27.580921173
  -18.554000854   27.195308685
  -18.534000397   26.962614059
  -18.513999939   26.944324493
  -18.493999481   27.184307098
  -18.474000931   27.702306747
  -18.454000473   28.482584000
  -18.434000015   29.473340988
  -18.413999557   30.613620758
  -18.393999100   31.740772247
  -18.374000549   32.830524445
  -18.354000092   33.725883484
  -18.333999634   34.351604462
  -18.313999176   34.673187256
  -18.294000626   34.705879211
  -18.274000168   34.468597412
  -18.253999710   34.041927338
  -18.233999252   33.480995178
  -18.214000702   32.902301788
  -18.194000244   32.350219727
  -18.173999786   31.890815735
  -18.153999329   31.516115189
  -18.134000778   31.243509293
  -18.114000320   31.033594131
  -18.093999863   30.844892502
  -18.073999405   30.624729156
  -18.054000854   30.331197739
  -18.034000397   29.932821274
  -18.013999939   29.397014618
  -17.993999481   28.730615616
  -17.974000931   27.937410355
  -17.954000473   27.042600632
  -17.934000015   26.076221466
  -17.913999557   25.082008362
  -17.893999100   24.088602066
  -17.874000549   23.132003784
  -17.854000092   22.237405777
  -17.833999634   21.426982880
  -17.813999176   20.720687866
  -17.794000626   20.129995346
  -17.774000168   19.662275314
  -17.753999710   19.320096970
  -17.733999252   19.097591400
  -17.714000702   18.975685120
  -17.694000244   18.926998138
  -17.673999786   18.917802811
  -17.653999329   18.908487320
  -17.634000778   18.864093781
  -17.614000320   18.762592316
  -17.593999863   18.590795517
  -17.573999405   18.356903076
  -17.554000854   18.082885742
  -17.534000397   17.796691895
  -17.513999939   17.529405594
  -17.493999481   17.303295135
  -17.474000931   17.128795624
  -17.454000473   16.997299194
  -17.434000015   16.889808655
  -17.413999557   16.770801544
  -17.393999100   16.606697083
  -17.374000549   16.366903305
  -17.354000092   16.028001785
  -17.333999634   15.588207245
  -17.313999176   15.054510117
  -17.294000626   14.449806213
  -17.274000168   13.805307388
  -17.253999710   13.154709816
  -17.233999252   12.532301903
  -17.214000702   11.968801498
  -17.194000244   11.487901688
  -17.173999786   11.107199669
  -17.153999329   10.840997696
  -17.134000778   10.697196960
  -17.114000320   10.672395706
  -17.093999863   10.762888908
  -17.073999405   10.954001427
  -17.054000854   11.223194122
  -17.034000397   11.537002563
  -17.013999939   11.860611916
  -16.993999481   12.152191162
  -16.974000931   12.377309799
  -16.954000473   12.504810333
  -16.934000015   12.522008896
  -16.913999557   12.426504135
  -16.893999100   12.230200768
  -16.874000549   11.965496063
  -16.854000092   11.659298897
  -16.833999634   11.342302322
  -16.813999176   11.037196159
  -16.794000626   10.756901741
  -16.774000168   10.494494438
  -16.753999710   10.240293503
  -16.733999252    9.980795860
  -16.714000702    9.692293167
  -16.694000244    9.375200272
  -16.673999786    9.022099495
  -16.653999329    8.652094841
  -16.634000778    8.281300545
  -16.614000320    7.943001747
  -16.593999863    7.668201923
  -16.573999405    7.496497631
  -16.554000854    7.471005917
  -16.534000397    7.631602287
  -16.513999939    8.028703690
  -16.493999481    8.701501846
  -16.474000931    9.686603546
  -16.454000473   11.008490562
  -16.434000015   12.665792465
  -16.413999557   14.630594254
  -16.393999100   16.852701187
  -16.374000549   19.249317169
  -16.354000092   21.722103119
  -16.333999634   24.163717270
  -16.313999176   26.472295761
  -16.294000626   28.556680679
  -16.274000168   30.347097397
  -16.253999710   31.803577423
  -16.233999252   32.912281036
  -16.214000702   33.686183929
  -16.194000244   34.162765503
  -16.173999786   34.397594452
  -16.153999329   34.453979492
  -16.134000778   34.401496887
  -16.114000320   34.292594910
  -16.093999863   34.173362732
  -16.073999405   34.063381195
  -16.054000854   33.969280243
  -16.034000397   33.877887726
  -16.013999939   33.766696930
  -15.994000435   33.620285034
  -15.973999977   33.419189453
  -15.954000473   33.162284851
  -15.934000015   32.855972290
  -15.913999557   32.523693085
  -15.894000053   32.185379028
  -15.873999596   31.868686676
  -15.854000092   31.594289780
  -15.833999634   31.372783661
  -15.814000130   31.206277847
  -15.793999672   31.089063644
  -15.774000168   31.011371613
  -15.753999710   30.961269379
  -15.734000206   30.933498383
  -15.713999748   30.915390015
  -15.694000244   30.907487869
  -15.673999786   30.899688721
  -15.654000282   30.893989563
  -15.633999825   30.882383347
  -15.614000320   30.872093201
  -15.593999863   30.868585587
  -15.574000359   30.886381149
  -15.553999901   30.943195343
  -15.534000397   31.058895111
  -15.513999939   31.240785599
  -15.494000435   31.490713120
  -15.473999977   31.783693314
  -15.454000473   32.092319489
  -15.434000015   32.366798401
  -15.413999557   32.569709778
  -15.394000053   32.668693542
  -15.373999596   32.645496368
  -15.354000092   32.508083344
  -15.333999634   32.270797729
  -15.314000130   31.956794739
  -15.293999672   31.584604263
  -15.274000168   31.162405014
  -15.253999710   30.692192078
  -15.234000206   30.173301697
  -15.213999748   29.607999802
  -15.194000244   29.016592026
  -15.173999786   28.429481506
  -15.154000282   27.892484665
  -15.133999825   27.457197189
  -15.114000320   27.163381577
  -15.093999863   27.044494629
  -15.074000359   27.108901978
  -15.053999901   27.347692490
  -15.034000397   27.735994339
  -15.013999939   28.240612030
  -14.994000435   28.824583054
  -14.973999977   29.463500977
  -14.954000473   30.125488281
  -14.934000015   30.782913208
  -14.913999557   31.400110245
  -14.894000053   31.952192307
  -14.873999596   32.357986450
  -14.854000092   32.653495789
  -14.833999634   32.715908051
  -14.814000130   32.602413177
  -14.793999672   32.244709015
  -14.774000168   31.762815475
  -14.753999710   31.147886276
  -14.734000206   30.459424973
  -14.713999748   29.764009476
  -14.694000244   29.106201172
  -14.673999786   28.528802872
  -14.654000282   28.069711685
  -14.633999825   27.750705719
  -14.614000320   27.585809708
  -14.593999863   27.585693359
  -14.574000359   27.739589691
  -14.553999901   28.038908005
  -14.534000397   28.448322296
  -14.513999939   28.928815842
  -14.494000435   29.425010681
  -14.473999977   29.887498856
  -14.454000473   30.247165680
  -14.434000015   30.498027802
  -14.413999557   30.663904190
  -14.394000053   30.623010635
  -14.373999596   30.472702026
  -14.354000092   30.215391159
  -14.333999634   29.893192291
  -14.314000130   29.574010849
  -14.293999672   29.291406631
  -14.274000168   29.068105698
  -14.253999710   28.930511475
  -14.234000206   28.887205124
  -14.213999748   28.924116135
  -14.194000244   29.013237000
  -14.173999786   29.124227524
  -14.154000282   29.262289047
  -14.133999825   29.312480927
  -14.114000320   29.357505798
  -14.093999863   29.305515289
  -14.074000359   29.245502472
  -14.053999901   29.165588379
  -14.034000397   29.103088379
  -14.013999939   29.070102692
  -13.994000435   29.063613892
  -13.973999977   29.137926102
  -13.954000473   29.257707596
  -13.934000015   29.479852676
  -13.913999557   29.764635086
  -13.894000053   30.114065170
  -13.873999596   30.417106628
  -13.854000092   30.737102509
  -13.833999634   31.023910522
  -13.814000130   31.277244568
  -13.793999672   31.435928345
  -13.774000168   31.489036560
  -13.753999710   31.433509827
  -13.734000206   31.271530151
  -13.713999748   30.989011765
  -13.694000244   30.588878632
  -13.673999786   30.087774277
  -13.654000282   29.488298416
  -13.633999825   28.825773239
  -13.614000320   28.152025223
  -13.593999863   27.527193069
  -13.574000359   26.986110687
  -13.553999901   26.595207214
  -13.534000397   26.401815414
  -13.513999939   26.442228317
  -13.494000435   26.728000641
  -13.473999977   27.239271164
  -13.454000473   28.006601334
  -13.434000015   28.845588684
  -13.413999557   29.805456161
  -13.394000053   30.769388199
  -13.373999596   31.659732819
  -13.354000092   32.385860443
  -13.333999634   32.925804138
  -13.314000130   33.245075226
  -13.293999672   33.412418365
  -13.274000168   33.413917542
  -13.253999710   33.312309265
  -13.234000206   33.152931213
  -13.213999748   32.989421844
  -13.194000244   32.879390717
  -13.173999786   32.831581116
  -13.154000282   32.875602722
  -13.133999825   33.003414154
  -13.114000320   33.198814392
  -13.093999863   33.433498383
  -13.074000359   33.703895569
  -13.053999901   33.962398529
  -13.034000397   34.232109070
  -13.013999939   34.463504791
  -12.994000435   34.657310486
  -12.973999977   34.817501068
  -12.954000473   34.910594940
  -12.934000015   34.936008453
  -12.913999557   34.882392883
  -12.894000053   34.729988098
  -12.873999596   34.501876831
  -12.854000092   34.181766510
  -12.833999634   33.811378479
  -12.814000130   33.413990021
  -12.793999672   33.018424988
  -12.774000168   32.687725067
  -12.753999710   32.436527252
  -12.734000206   32.306690216
  -12.713999748   32.340229034
  -12.694000244   32.526897430
  -12.673999786   32.914112091
  -12.654000282   33.467605591
  -12.633999825   34.199516296
  -12.614000320   35.078590393
  -12.593999863   36.090106964
  -12.574000359   37.166412354
  -12.553999901   38.298404694
  -12.534000397   39.374427795
  -12.513999939   40.353794098
  -12.494000435   41.156791687
  -12.473999977   41.693187714
  -12.454000473   41.928989410
  -12.434000015   41.822593689
  -12.413999557   41.402404785
  -12.394000053   40.654499054
  -12.373999596   39.612224579
  -12.354000092   38.379589081
  -12.333999634   36.992996216
  -12.314000130   35.536502838
  -12.293999672   34.077186584
  -12.274000168   32.706295013
  -12.253999710   31.483001709
  -12.234000206   30.480579376
  -12.213999748   29.751209259
  -12.194000244   29.381986618
  -12.173999786   29.372093201
  -12.154000282   29.755800247
  -12.133999825   30.513666153
  -12.114000320   31.630977631
  -12.093999863   33.036365509
  -12.074000359   34.666599274
  -12.053999901   36.414131165
  -12.034000397   38.188545227
  -12.013999939   39.869400024
  -11.994000435   41.380096436
  -11.973999977   42.650466919
  -11.954000473   43.604221344
  -11.934000015   44.218692780
  -11.913999557   44.514190674
  -11.894000053   44.481605530
  -11.873999596   44.197216034
  -11.854000092   43.671401978
  -11.833999634   42.975906372
  -11.814000130   42.150775909
  -11.793999672   41.234397888
  -11.774000168   40.275413513
  -11.753999710   39.277809143
  -11.734000206   38.255016327
  -11.713999748   37.238628387
  -11.694000244   36.229999542
  -11.673999786   35.240299225
  -11.654000282   34.324085236
  -11.633999825   33.501586914
  -11.614000320   32.804183960
  -11.593999863   32.292572021
  -11.574000359   32.008174896
  -11.553999901   31.988267899
  -11.534000397   32.265594482
  -11.513999939   32.869865417
  -11.494000435   33.773380280
  -11.473999977   34.997779846
  -11.454000473   36.494838715
  -11.434000015   38.210418701
  -11.413999557   40.081821442
  -11.394000053   42.027812958
  -11.373999596   43.957931519
  -11.354000092   45.752285004
  -11.333999634   47.324390411
  -11.314000130   48.578716278
  -11.293999672   49.459320068
  -11.274000168   49.897102356
  -11.253999710   49.907798767
  -11.234000206   49.487735748
  -11.213999748   48.673912048
  -11.194000244   47.519401550
  -11.173999786   46.103912354
  -11.154000282   44.457912445
  -11.133999825   42.668006897
  -11.114000320   40.798694611
  -11.093999863   38.956592560
  -11.074000359   37.212203979
  -11.053999901   35.691001892
  -11.034000397   34.490875244
  -11.013999939   33.729694366
  -10.994000435   33.471397400
  -10.973999977   33.779083252
  -10.954000473   34.654724121
  -10.934000015   36.039184570
  -10.913999557   37.860504150
  -10.894000053   39.986865997
  -10.873999596   42.266391754
  -10.854000092   44.531867981
  -10.833999634   46.633529663
  -10.814000130   48.439620972
  -10.793999672   49.836437225
  -10.774000168   50.766036987
  -10.753999710   51.206199646
  -10.734000206   51.181594849
  -10.713999748   50.782913208
  -10.694000244   50.112426758
  -10.673999786   49.318714142
  -10.654000282   48.518920898
  -10.633999825   47.851726532
  -10.614000320   47.387298584
  -10.593999863   47.164009094
  -10.574000359   47.171287537
  -10.553999901   47.328102112
  -10.534000397   47.569770813
  -10.513999939   47.793178558
  -10.494000435   47.922561646
  -10.473999977   47.911373138
  -10.454000473   47.740886688
  -10.434000015   47.462577820
  -10.413999557   47.143867493
  -10.394000053   46.871303558
  -10.373999596   46.726291656
  -10.354000092   46.809776306
  -10.333999634   47.162979126
  -10.314000130   47.806037903
  -10.293999672   48.726078033
  -10.274000168   49.874996185
  -10.253999710   51.163681030
  -10.234000206   52.532699585
  -10.213999748   53.859710693
  -10.194000244   55.070171356
  -10.173999786   56.123012543
  -10.154000282   56.986755371
  -10.133999825   57.637367249
  -10.114000320   58.060283661
  -10.093999863   58.276565552
  -10.074000359   58.297077179
  -10.053999901   58.144794464
  -10.034000397   57.847267151
  -10.013999939   57.448089600
   -9.994000435   57.005981445
   -9.973999977   56.567272186
   -9.954000473   56.210193634
   -9.934000015   55.953292847
   -9.913999557   55.859786987
   -9.894000053   55.950923920
   -9.873999596   56.208927155
   -9.854000092   56.590789795
   -9.833999634   57.075931549
   -9.814000130   57.582969666
   -9.793999672   58.037384033
   -9.774000168   58.366107941
   -9.753999710   58.569675446
   -9.734000206   58.615497589
   -9.713999748   58.556682587
   -9.694000244   58.450382233
   -9.673999786   58.395286560
   -9.654000282   58.452270508
   -9.633999825   58.739574432
   -9.614000320   59.269802094
   -9.593999863   60.064460754
   -9.574000359   61.086498260
   -9.553999901   62.285346985
   -9.534000397   63.582450867
   -9.513999939   64.892715454
   -9.494000435   66.170608521
   -9.473999977   67.353317261
   -9.454000473   68.418472290
   -9.434000015   69.369499207
   -9.413999557   70.203903198
   -9.394000053   70.920967102
   -9.373999596   71.493484497
   -9.354000092   71.902053833
   -9.333999634   72.107948303
   -9.314000130   72.093788147
   -9.293999672   71.843299866
   -9.274000168   71.406112671
   -9.253999710   70.860725403
   -9.234000206   70.325805664
   -9.213999748   69.961181641
   -9.194000244   69.953605652
   -9.173999786   70.425041199
   -9.154000282   71.478698730
   -9.133999825   73.167793274
   -9.114000320   75.457618713
   -9.093999863   78.242645264
   -9.074000359   81.351486206
   -9.053999901   84.571182251
   -9.034000397   87.678260803
   -9.013999939   90.422424316
   -8.994000435   92.579658508
   -8.973999977   93.984054565
   -8.954000473   94.528991699
   -8.934000015   94.144432068
   -8.913999557   92.900352478
   -8.894000053   90.911102295
   -8.873999596   88.340621948
   -8.854000092   85.396408081
   -8.833999634   82.324020386
   -8.814000130   79.310012817
   -8.793999672   76.543571472
   -8.774000168   74.131759644
   -8.753999710   72.119560242
   -8.734000206   70.536781311
   -8.713999748   69.310501099
   -8.694000244   68.377723694
   -8.673999786   67.648651123
   -8.654000282   67.044998169
   -8.633999825   66.488273621
   -8.614000320   65.955551147
   -8.593999863   65.424240112
   -8.574000359   64.866043091
   -8.553999901   64.316520691
   -8.534000397   63.780433655
   -8.513999939   63.288906097
   -8.494000435   62.860420227
   -8.473999977   62.541202545
   -8.454000473   62.338695526
   -8.434000015   62.281513214
   -8.413999557   62.358215332
   -8.394000053   62.548999786
   -8.373999596   62.825801849
   -8.354000092   63.127563477
   -8.333999634   63.399986267
   -8.314000130   63.565105438
   -8.293999672   63.583892822
   -8.274000168   63.401454926
   -8.253999710   63.025871277
   -8.234000206   62.464168549
   -8.213999748   61.727973938
   -8.194000244   60.859519958
   -8.173999786   59.896697998
   -8.154000282   58.881286621
   -8.133999825   57.823173523
   -8.114000320   56.761566162
   -8.093999863   55.718521118
   -8.074000359   54.704158783
   -8.053999901   53.808403015
   -8.034000397   53.024948120
   -8.013999939   52.471935272
   -7.993999958   52.146572113
   -7.973999977   52.064235687
   -7.953999996   52.253799438
   -7.934000015   52.646686554
   -7.914000034   53.174118042
   -7.894000053   53.775688171
   -7.874000072   54.354572296
   -7.854000092   54.849800110
   -7.834000111   55.197002411
   -7.814000130   55.391593933
   -7.794000149   55.445129395
   -7.774000168   55.375438690
   -7.754000187   55.229087830
   -7.734000206   55.030567169
   -7.714000225   54.824405670
   -7.693999767   54.642494202
   -7.673999786   54.482170105
   -7.653999805   54.317443848
   -7.633999825   54.135620117
   -7.613999844   53.884059906
   -7.593999863   53.527339935
   -7.573999882   53.038562775
   -7.553999901   52.416961670
   -7.533999920   51.651554108
   -7.513999939   50.824218750
   -7.493999958   50.001296997
   -7.473999977   49.235134125
   -7.453999996   48.604751587
   -7.434000015   48.160793304
   -7.414000034   47.912281036
   -7.394000053   47.846935272
   -7.374000072   47.966869354
   -7.354000092   48.188396454
   -7.334000111   48.501689911
   -7.314000130   48.884429932
   -7.294000149   49.293506622
   -7.274000168   49.758224487
   -7.254000187   50.295261383
   -7.234000206   50.904067993
   -7.214000225   51.584144592
   -7.193999767   52.322784424
   -7.173999786   53.051132202
   -7.153999805   53.700511932
   -7.133999825   54.168354034
   -7.113999844   54.366950989
   -7.093999863   54.216701508
   -7.073999882   53.668445587
   -7.053999901   52.733196259
   -7.033999920   51.452171326
   -7.013999939   49.947490692
   -6.993999958   48.329917908
   -6.973999977   46.754917145
   -6.953999996   45.375335693
   -6.934000015   44.328094482
   -6.914000034   43.692806244
   -6.894000053   43.533935547
   -6.874000072   43.854671478
   -6.854000092   44.614036560
   -6.834000111   45.720249176
   -6.814000130   47.046722412
   -6.794000149   48.441085815
   -6.774000168   49.725193024
   -6.754000187   50.748340607
   -6.734000206   51.367046356
   -6.714000225   51.509838104
   -6.693999767   51.172508240
   -6.673999786   50.413528442
   -6.653999805   49.355865479
   -6.633999825   48.173171997
   -6.613999844   47.000545502
   -6.593999863   46.008609772
   -6.573999882   45.304740906
   -6.553999901   44.930648804
   -6.533999920   44.891109467
   -6.513999939   45.152580261
   -6.493999958   45.625514984
   -6.473999977   46.221199036
   -6.453999996   46.851127625
   -6.434000015   47.447654724
   -6.414000034   47.910076141
   -6.394000053   48.196712494
   -6.374000072   48.275440216
   -6.354000092   48.128665924
   -6.334000111   47.765659332
   -6.314000130   47.248161316
   -6.294000149   46.617679596
   -6.274000168   45.947216034
   -6.254000187   45.324588776
   -6.234000206   44.776218414
   -6.214000225   44.397792816
   -6.193999767   44.176784515
   -6.173999786   44.125907898
   -6.153999805   44.213424683
   -6.133999825   44.415599823
   -6.113999844   44.693035126
   -6.093999863   44.986713409
   -6.073999882   45.295227051
   -6.053999901   45.573097229
   -6.033999920   45.802635193
   -6.013999939   45.943180084
   -5.993999958   46.025650024
   -5.973999977   46.016109467
   -5.953999996   45.913871765
   -5.934000015   45.727630615
   -5.914000034   45.487655640
   -5.894000053   45.199279785
   -5.874000072   44.926891327
   -5.854000092   44.698947906
   -5.834000111   44.556106567
   -5.814000130   44.545688629
   -5.794000149   44.680690765
   -5.774000168   44.938259125
   -5.754000187   45.283828735
   -5.734000206   45.653598785
   -5.714000225   45.981071472
   -5.693999767   46.164722443
   -5.673999786   46.162220001
   -5.653999805   45.946838379
   -5.633999825   45.521938324
   -5.613999844   44.947242737
   -5.593999863   44.316062927
   -5.573999882   43.707736969
   -5.553999901   43.220123291
   -5.533999920   42.906082153
   -5.513999939   42.812332153
   -5.493999958   42.922191620
   -5.473999977   43.203758240
   -5.453999996   43.603755951
   -5.434000015   44.035667419
   -5.414000034   44.483970642
   -5.394000053   44.874172211
   -5.374000072   45.221729279
   -5.354000092   45.511516571
   -5.334000111   45.766536713
   -5.314000130   45.985919952
   -5.294000149   46.175937653
   -5.274000168   46.310882568
   -5.254000187   46.371967316
   -5.234000206   46.302494049
   -5.214000225   46.080467224
   -5.193999767   45.670948029
   -5.173999786   45.092926025
   -5.153999805   44.356315613
   -5.133999825   43.485050201
   -5.113999844   42.491058350
   -5.093999863   41.427391052
   -5.073999882   40.335983276
   -5.053999901   39.219947815
   -5.033999920   38.090335846
   -5.013999939   36.976211548
   -4.993999958   35.884639740
   -4.973999977   34.814624786
   -4.953999996   33.808219910
   -4.934000015   32.861312866
   -4.914000034   32.012855530
   -4.894000053   31.261796951
   -4.874000072   30.628047943
   -4.854000092   30.093549728
   -4.834000111   29.670217514
   -4.814000130   29.353025436
   -4.794000149   29.121904373
   -4.774000168   28.959848404
   -4.754000187   28.895818710
   -4.734000206   28.903802872
   -4.714000225   29.020776749
   -4.693999767   29.223735809
   -4.673999786   29.555664062
   -4.653999805   29.980548859
   -4.633999825   30.518455505
   -4.613999844   31.168329239
   -4.593999863   31.883218765
   -4.573999882   32.657077789
   -4.553999901   33.444972992
   -4.533999920   34.213878632
   -4.513999939   34.926795959
   -4.493999958   35.574741364
   -4.473999977   36.103656769
   -4.453999996   36.497600555
   -4.434000015   36.759555817
   -4.414000034   36.875530243
   -4.394000053   36.846477509
   -4.374000072   36.675483704
   -4.354000092   36.420524597
   -4.334000111   36.067657471
   -4.314000130   35.706867218
   -4.294000149   35.362205505
   -4.274000168   35.072639465
   -4.254000187   34.901229858
   -4.234000206   34.849906921
   -4.214000225   34.930618286
   -4.193999767   35.134349823
   -4.173999786   35.446029663
   -4.153999805   35.836624146
   -4.133999825   36.281059265
   -4.113999844   36.741352081
   -4.093999863   37.208465576
   -4.073999882   37.641441345
   -4.053999901   38.036281586
   -4.033999920   38.369014740
   -4.013999939   38.605678558
   -3.993999958   38.754310608
   -3.973999977   38.748939514
   -3.953999996   38.613605499
   -3.934000015   38.333259583
   -3.914000034   37.902900696
   -3.894000053   37.340564728
   -3.874000072   36.656143188
   -3.854000092   35.859699249
   -3.834000111   34.980209351
   -3.813999891   34.013656616
   -3.793999910   32.995044708
   -3.773999929   31.912391663
   -3.753999949   30.806722641
   -3.733999968   29.710029602
   -3.713999987   28.647369385
   -3.694000006   27.671722412
   -3.674000025   26.834115982
   -3.654000044   26.168617249
   -3.634000063   25.698156357
   -3.614000082   25.426771164
   -3.594000101   25.363471985
   -3.573999882   25.433206558
   -3.553999901   25.585010529
   -3.533999920   25.729864120
   -3.513999939   25.803741455
   -3.493999958   25.732633591
   -3.473999977   25.509525299
   -3.453999996   25.108421326
   -3.434000015   24.530326843
   -3.414000034   23.857221603
   -3.394000053   23.071128845
   -3.374000072   22.257003784
   -3.354000092   21.445589066
   -3.334000111   20.651096344
   -3.313999891   19.875278473
   -3.293999910   19.143486023
   -3.273999929   18.459901810
   -3.253999949   17.819616318
   -3.233999968   17.227527618
   -3.213999987   16.691551208
   -3.194000006   16.217992783
   -3.174000025   15.815436363
   -3.154000044   15.492191315
   -3.134000063   15.256349564
   -3.114000082   15.121913910
   -3.094000101   15.100390434
   -3.073999882   15.195576668
   -3.053999901   15.405981064
   -3.033999920   15.711182594
   -3.013999939   16.074287415
   -2.993999958   16.439096451
   -2.973999977   16.741701126
   -2.953999996   16.913902283
   -2.934000015   16.902992249
   -2.914000034   16.674467087
   -2.894000053   16.223424911
   -2.874000072   15.576988220
   -2.854000092   14.783421516
   -2.834000111   13.911164284
   -2.813999891   13.032501221
   -2.793999910   12.215553284
   -2.773999929   11.514208794
   -2.753999949   10.962566376
   -2.733999968   10.575631142
   -2.713999987   10.346212387
   -2.694000006   10.254189491
   -2.674000025   10.264169693
   -2.654000044   10.339770317
   -2.634000063   10.438062668
   -2.614000082   10.527056694
   -2.594000101   10.576547623
   -2.573999882   10.569248199
   -2.553999901   10.501038551
   -2.533999920   10.377732277
   -2.513999939   10.211125374
   -2.493999958   10.023209572
   -2.473999977    9.830598831
   -2.453999996    9.641989708
   -2.434000015    9.467082024
   -2.414000034    9.302376747
   -2.394000053    9.143072128
   -2.374000072    8.978168488
   -2.354000092    8.798770905
   -2.334000111    8.598675728
   -2.313999891    8.375185013
   -2.293999910    8.129598618
   -2.273999929    7.861920834
   -2.253999949    7.575759888
   -2.233999968    7.276099682
   -2.213999987    6.964852333
   -2.194000006    6.647108555
   -2.174000025    6.328368664
   -2.154000044    6.016024590
   -2.134000063    5.720070362
   -2.114000082    5.450704098
   -2.094000101    5.224417210
   -2.073999882    5.051210403
   -2.053999901    4.944778442
   -2.033999920    4.913428307
   -2.013999939    4.956961632
   -1.993999958    5.064385891
   -1.973999977    5.215804100
   -1.953999996    5.377329350
   -1.934000015    5.509960651
   -1.914000034    5.572797775
   -1.894000053    5.528245449
   -1.873999953    5.357202530
   -1.853999972    5.053567410
   -1.833999991    4.632436752
   -1.814000010    4.123911381
   -1.794000030    3.574686527
   -1.774000049    3.029670477
   -1.753999949    2.535456657
   -1.733999968    2.127281666
   -1.713999987    1.827292919
   -1.694000006    1.641726851
   -1.674000025    1.560412169
   -1.654000044    1.565149188
   -1.633999944    1.623657584
   -1.613999963    1.703547478
   -1.593999982    1.774167657
   -1.574000001    1.808107376
   -1.554000020    1.792546630
   -1.534000039    1.721277475
   -1.514000058    1.599225402
   -1.493999958    1.446603179
   -1.473999977    1.280252457
   -1.453999996    1.127260208
   -1.434000015    1.010238528
   -1.414000034    0.946716964
   -1.394000053    0.946706355
   -1.373999953    1.011395931
   -1.353999972    1.132086039
   -1.333999991    1.291725636
   -1.314000010    1.466847181
   -1.294000030    1.631017447
   -1.274000049    1.758617163
   -1.253999949    1.831928253
   -1.233999968    1.839988470
   -1.213999987    1.785497308
   -1.194000006    1.683966756
   -1.174000025    1.562997699
   -1.154000044    1.452428222
   -1.133999944    1.392108321
   -1.113999963    1.415069222
   -1.093999982    1.548861146
   -1.074000001    1.809593320
   -1.054000020    2.198617220
   -1.034000039    2.698322296
   -1.014000058    3.276726246
   -0.994000018    3.887330294
   -0.973999977    4.472831726
   -0.953999996    4.980442047
   -0.934000015    5.365445137
   -0.913999975    5.603647232
   -0.893999994    5.693848133
   -0.874000013    5.660848618
   -0.853999972    5.548150063
   -0.833999991    5.410354137
   -0.814000010    5.302458286
   -0.794000030    5.269764423
   -0.773999989    5.336873531
   -0.754000008    5.508495808
   -0.734000027    5.772019863
   -0.713999987    6.101152897
   -0.694000006    6.465198040
   -0.674000025    6.833950043
   -0.653999984    7.186514378
   -0.634000003    7.514185905
   -0.614000022    7.812363148
   -0.593999982    8.089138031
   -0.574000001    8.357912064
   -0.554000020    8.629667282
   -0.533999979    8.916109085
   -0.513999999    9.222826958
   -0.493999988    9.552722931
   -0.474000007    9.898694992
   -0.453999996   10.250848770
   -0.433999985   10.592890739
   -0.414000005   10.907411575
   -0.393999994   11.177249908
   -0.374000013   11.389279366
   -0.354000002   11.538819313
   -0.333999991   11.630165100
   -0.314000010   11.675321579
   -0.294000000   11.699388504
   -0.273999989   11.729166031
   -0.254000008   11.792446136
   -0.233999997   11.917536736
   -0.214000002   12.126935005
   -0.194000006   12.434038162
   -0.173999995   12.845035553
   -0.153999999   13.354939461
   -0.134000003   13.955740929
   -0.114000000   14.634156227
   -0.093999997   15.373565674
   -0.074000001   16.158981323
   -0.054000001   16.981290817
   -0.034000002   17.826303482
   -0.014000000   18.691217422
    0.006000000   19.557735443
    0.026000001   20.416162491
    0.046000000   21.252796173
    0.066000000   22.054039001
    0.086000003   22.804367065
    0.105999999   23.499401093
    0.126000002   24.169445038
    0.145999998   24.844493866
    0.165999994   25.582572937
    0.186000004   26.438619614
    0.206000000   27.488718033
    0.225999996   28.779815674
    0.246000007   30.307947159
    0.266000003   32.087074280
    0.286000013   34.028213501
    0.305999994   36.035331726
    0.326000005   38.027450562
    0.345999986   39.860553741
    0.365999997   41.412662506
    0.386000007   42.640720367
    0.405999988   43.475788116
    0.425999999   43.935787201
    0.446000010   44.049831390
    0.465999991   43.905841827
    0.486000001   43.585842133
    0.505999982   43.173843384
    0.526000023   42.739830017
    0.546000004   42.355865479
    0.565999985   42.022911072
    0.586000025   41.778961182
    0.606000006   41.618022919
    0.625999987   41.515068054
    0.646000028   41.461139679
    0.666000009   41.439208984
    0.685999990   41.395259857
    0.705999970   41.337276459
    0.726000011   41.205287933
    0.745999992   40.991294861
    0.765999973   40.639263153
    0.786000013   40.154216766
    0.805999994   39.511161804
    0.825999975   38.705101013
    0.846000016   37.756038666
    0.865999997   36.680953979
    0.885999978   35.512893677
    0.906000018   34.324829102
    0.925999999   33.156806946
    0.945999980   32.080749512
    0.966000021   31.165729523
    0.986000001   30.459711075
    1.006000042   29.999742508
    1.026000023   29.795745850
    1.046000004   29.831769943
    1.065999985   30.062801361
    1.085999966   30.412836075
    1.105999947   30.816875458
    1.126000047   31.169902802
    1.146000028   31.388914108
    1.166000009   31.388912201
    1.185999990   31.151910782
    1.205999970   30.630889893
    1.225999951   29.848840714
    1.246000051   28.846826553
    1.266000032   27.704826355
    1.286000013   26.500818253
    1.305999994   25.350828171
    1.325999975   24.330841064
    1.345999956   23.522907257
    1.366000056   23.001478195
    1.386000037   22.791677475
    1.406000018   22.888406754
    1.425999999   23.279340744
    1.445999980   23.888502121
    1.465999961   24.651699066
    1.485999942   25.464904785
    1.506000042   26.254077911
    1.526000023   26.934236526
    1.546000004   27.435401917
    1.565999985   27.742523193
    1.585999966   27.818597794
    1.605999947   27.667625427
    1.626000047   27.322586060
    1.646000028   26.833503723
    1.666000009   26.204353333
    1.685999990   25.499143600
    1.705999970   24.747934341
    1.725999951   24.009683609
    1.746000051   23.306428909
    1.766000032   22.672151566
    1.786000013   22.132907867
    1.805999994   21.691705704
    1.825999975   21.370523453
    1.845999956   21.147373199
    1.866000056   21.025264740
    1.886000037   21.002172470
    1.906000018   21.063138962
    1.925999999   21.210123062
    1.945999980   21.410144806
    1.965999961   21.680152893
    1.985999942   21.994209290
    2.006000042   22.337251663
    2.026000023   22.694309235
    2.046000004   23.024370193
    2.065999985   23.304441452
    2.085999966   23.512464523
    2.105999947   23.611505508
    2.125999928   23.611536026
    2.145999908   23.503562927
    2.165999889   23.295562744
    2.186000109   23.021556854
    2.206000090   22.703527451
    2.226000071   22.380479813
    2.246000051   22.048450470
    2.266000032   21.725433350
    2.286000013   21.384387970
    2.305999994   21.047334671
    2.325999975   20.656295776
    2.345999956   20.232257843
    2.365999937   19.771205902
    2.385999918   19.273479462
    2.405999899   18.787162781
    2.426000118   18.346946716
    2.446000099   17.999647141
    2.466000080   17.790664673
    2.486000061   17.760295868
    2.506000042   17.932252884
    2.526000023   18.309032440
    2.546000004   18.865447998
    2.565999985   19.558872223
    2.585999966   20.325740814
    2.605999947   21.082944870
    2.625999928   21.746236801
    2.645999908   22.240585327
    2.665999889   22.516048431
    2.686000109   22.570665359
    2.706000090   22.382417679
    2.726000071   21.981298447
    2.746000051   21.452322006
    2.766000032   20.834407806
    2.786000013   20.181913376
    2.805999994   19.545547485
    2.825999975   18.948947906
    2.845999956   18.408113480
    2.865999937   17.934600830
    2.885999918   17.529565811
    2.905999899   17.201841354
    2.926000118   16.961681366
    2.946000099   16.820934296
    2.966000080   16.789514542
    2.986000061   16.868501663
    3.006000042   17.050397873
    3.026000023   17.314548492
    3.046000004   17.635816574
    3.065999985   17.981309891
    3.085999966   18.321851730
    3.105999947   18.634815216
    3.125999928   18.905591965
    3.145999908   19.134502411
    3.165999889   19.323646545
    3.186000109   19.473512650
    3.206000090   19.578762054
    3.226000071   19.645557404
    3.246000051   19.650110245
    3.266000032   19.607025146
    3.286000013   19.476865768
    3.305999994   19.283666611
    3.325999975   19.030982971
    3.345999956   18.726812363
    3.365999937   18.389142990
    3.385999918   18.039201736
    3.405999899   17.699466705
    3.426000118   17.389669418
    3.446000099   17.128835678
    3.466000080   16.931432724
    3.486000061   16.807252884
    3.506000042   16.759357452
    3.526000023   16.782102585
    3.546000004   16.859523773
    3.565999985   16.971668243
    3.585999966   17.087768555
    3.605999947   17.179302216
    3.625999928   17.223600388
    3.645999908   17.210336685
    3.665999889   17.144760132
    3.686000109   17.048606873
    3.706000090   16.956911087
    3.726000071   16.911594391
    3.746000051   16.947130203
    3.766000032   17.084278107
    3.786000013   17.328575134
    3.805999994   17.657358170
    3.825999975   18.033987045
    3.845999956   18.405530930
    3.865999937   18.714099884
    3.885999918   18.907897949
    3.905999899   18.949714661
    3.926000118   18.824172974
    3.946000099   18.535465240
    3.966000080   18.112453461
    3.986000061   17.604869843
    4.006000042   17.068538666
    4.026000023   16.555286407
    4.046000004   16.110534668
    4.065999985   15.759617805
    4.085999966   15.506016731
    4.105999947   15.343120575
    4.125999928   15.252711296
    4.145999908   15.217374802
    4.165999889   15.223658562
    4.185999870   15.269757271
    4.205999851   15.357641220
    4.225999832   15.491429329
    4.245999813   15.673026085
    4.265999794   15.896149635
    4.285999775   16.143634796
    4.306000233   16.395931244
    4.326000214   16.625459671
    4.346000195   16.809459686
    4.366000175   16.930223465
    4.386000156   16.974514008
    4.406000137   16.936668396
    4.426000118   16.806093216
    4.446000099   16.578737259
    4.466000080   16.242599487
    4.486000061   15.783933640
    4.506000042   15.191146851
    4.526000023   14.454867363
    4.546000004   13.579216003
    4.565999985   12.573663712
    4.585999966   11.466331482
    4.605999947   10.287246704
    4.625999928    9.080258369
    4.645999908    7.883237362
    4.665999889    6.732503414
    4.685999870    5.657445908
    4.705999851    4.679459095
    4.725999832    3.808821440
    4.745999813    3.049310923
    4.765999794    2.399284840
    4.785999775    1.853967071
    4.806000233    1.404988170
    4.826000214    1.042323589
    4.846000195    0.755681992
    4.866000175    0.534584820
    4.886000156    0.368298829
    4.906000137    0.246787250
    4.926000118    0.160476416
    4.946000099    0.101189420
    4.966000080    0.061768334
    4.986000061    0.036464348
    5.006000042    0.020783165
    5.026000023    0.011439892
    5.046000004    0.006068739
    5.065999985    0.003102024
    5.085999966    0.001526234
    5.105999947    0.000722470
    5.125999928    0.000328895
    5.145999908    0.000143857
    5.165999889    0.000060452
    5.185999870    0.000024390
