# E (eV)  pdos(E) 
  -25.431999207    0.000021369
  -25.412000656    0.000051259
  -25.392000198    0.000117900
  -25.371999741    0.000259926
  -25.351999283    0.000549173
  -25.332000732    0.001111367
  -25.312000275    0.002157011
  -25.291999817    0.004010399
  -25.271999359    0.007154594
  -25.252000809    0.012225046
  -25.232000351    0.020030871
  -25.211999893    0.031468477
  -25.191999435    0.047405034
  -25.172000885    0.068458155
  -25.152000427    0.094804652
  -25.131999969    0.125936776
  -25.111999512    0.160370156
  -25.091999054    0.196042404
  -25.072000504    0.229710877
  -25.052000046    0.258259535
  -25.031999588    0.278643072
  -25.011999130    0.288270593
  -24.992000580    0.286226690
  -24.972000122    0.272713661
  -24.951999664    0.249320894
  -24.931999207    0.218770623
  -24.912000656    0.184208363
  -24.892000198    0.148817003
  -24.871999741    0.115473405
  -24.851999283    0.085912302
  -24.832000732    0.061401606
  -24.812000275    0.042100031
  -24.791999817    0.027730027
  -24.771999359    0.017514750
  -24.752000809    0.010619131
  -24.732000351    0.006180459
  -24.711999893    0.003454162
  -24.691999435    0.001851589
  -24.672000885    0.000952242
  -24.652000427    0.000470137
  -24.631999969    0.000222798
  -24.611999512    0.000101277
  -24.591999054    0.000044182
  -24.572000504    0.000018478
  -24.552000046    0.000007420
  -24.531999588    0.000002857
  -24.511999130    0.000001055
  -24.492000580    0.000000374
  -24.472000122    0.000000128
  -24.451999664    0.000000046
  -24.431999207    0.000000027
  -24.412000656    0.000000051
  -24.392000198    0.000000147
  -24.371999741    0.000000434
  -24.351999283    0.000001239
  -24.332000732    0.000003387
  -24.312000275    0.000008864
  -24.291999817    0.000022231
  -24.271999359    0.000053377
  -24.252000809    0.000122828
  -24.232000351    0.000270412
  -24.211999893    0.000570099
  -24.191999435    0.001152484
  -24.172000885    0.002229792
  -24.152000427    0.004130598
  -24.131999969    0.007330986
  -24.111999512    0.012460970
  -24.091999054    0.020283328
  -24.072000504    0.031621926
  -24.052000046    0.047186010
  -24.031999588    0.067477413
  -24.011999130    0.092393011
  -23.992000580    0.121151671
  -23.972000122    0.152200669
  -23.951999664    0.183044031
  -23.931999207    0.210795060
  -23.912000656    0.232574880
  -23.892000198    0.245823383
  -23.871999741    0.248649001
  -23.851999283    0.240960822
  -23.832000732    0.223614812
  -23.812000275    0.198760226
  -23.791999817    0.169168636
  -23.771999359    0.137987092
  -23.752000809    0.107769847
  -23.732000351    0.080727287
  -23.711999893    0.058194418
  -23.691999435    0.040767681
  -23.672000885    0.028614424
  -23.652000427    0.021890651
  -23.631999969    0.021033600
  -23.611999512    0.027269604
  -23.591999054    0.043057777
  -23.572000504    0.072360590
  -23.552000046    0.120823286
  -23.531999588    0.195698023
  -23.511999130    0.304873914
  -23.492000580    0.456170887
  -23.472000122    0.655860960
  -23.451999664    0.907258928
  -23.431999207    1.210457802
  -23.412000656    1.564069629
  -23.392000198    1.968279839
  -23.371999741    2.432449341
  -23.351999283    2.983318806
  -23.332000732    3.672789335
  -23.312000275    4.587302685
  -23.291999817    5.843796253
  -23.271999359    7.583396912
  -23.252000809    9.951800346
  -23.232000351   13.072900772
  -23.211999893   17.014701843
  -23.191999435   21.749101639
  -23.172000885   27.152406693
  -23.152000427   32.993999481
  -23.131999969   38.943981171
  -23.111999512   44.625976562
  -23.091999054   49.649990082
  -23.072000504   53.702007294
  -23.052000046   56.550998688
  -23.031999588   58.113014221
  -23.011999130   58.445976257
  -22.992000580   57.672012329
  -22.972000122   56.034011841
  -22.951999664   53.792995453
  -22.931999207   51.222000122
  -22.912000656   48.537998199
  -22.892000198   45.931995392
  -22.871999741   43.506984711
  -22.851999283   41.341007233
  -22.832000732   39.438007355
  -22.812000275   37.795005798
  -22.791999817   36.392993927
  -22.771999359   35.174003601
  -22.752000809   34.102001190
  -22.732000351   33.130992889
  -22.711999893   32.258995056
  -22.691999435   31.428995132
  -22.672000885   30.642004013
  -22.652000427   29.891012192
  -22.631999969   29.194990158
  -22.611999512   28.550195694
  -22.591999054   27.996606827
  -22.572000504   27.537698746
  -22.552000046   27.175899506
  -22.531999588   26.905996323
  -22.511999130   26.695407867
  -22.492000580   26.490098953
  -22.472000122   26.271595001
  -22.451999664   25.977899551
  -22.431999207   25.580204010
  -22.412000656   25.092309952
  -22.392000198   24.523807526
  -22.371999741   23.894906998
  -22.351999283   23.284597397
  -22.332000732   22.738302231
  -22.312000275   22.315395355
  -22.291999817   22.032403946
  -22.271999359   21.930194855
  -22.252000809   21.960290909
  -22.232000351   22.100900650
  -22.211999893   22.274000168
  -22.191999435   22.417795181
  -22.172000885   22.470603943
  -22.152000427   22.393310547
  -22.131999969   22.176990509
  -22.111999512   21.828403473
  -22.091999054   21.409696579
  -22.072000504   20.966405869
  -22.052000046   20.558101654
  -22.031999588   20.234504700
  -22.011999130   20.006294250
  -21.992000580   19.882795334
  -21.972000122   19.835596085
  -21.951999664   19.834798813
  -21.931999207   19.826297760
  -21.912000656   19.798192978
  -21.892000198   19.706298828
  -21.871999741   19.560995102
  -21.851999283   19.362096786
  -21.832000732   19.121601105
  -21.812000275   18.894096375
  -21.791999817   18.687305450
  -21.771999359   18.542097092
  -21.752000809   18.477605820
  -21.732000351   18.513505936
  -21.711999893   18.639902115
  -21.691999435   18.846395493
  -21.672000885   19.091402054
  -21.652000427   19.338396072
  -21.631999969   19.537406921
  -21.611999512   19.651203156
  -21.591999054   19.643096924
  -21.572000504   19.497203827
  -21.552000046   19.223600388
  -21.531999588   18.825506210
  -21.511999130   18.328496933
  -21.492000580   17.770401001
  -21.472000122   17.166097641
  -21.451999664   16.555294037
  -21.431999207   15.955997467
  -21.412000656   15.391000748
  -21.392000198   14.885797501
  -21.371999741   14.457801819
  -21.351999283   14.126199722
  -21.332000732   13.902793884
  -21.312000275   13.785896301
  -21.291999817   13.766999245
  -21.271999359   13.820597649
  -21.252000809   13.913898468
  -21.232000351   14.013404846
  -21.211999893   14.087603569
  -21.191999435   14.113301277
  -21.172000885   14.082499504
  -21.152000427   14.002000809
  -21.131999969   13.891998291
  -21.111999512   13.775496483
  -21.091999054   13.675802231
  -21.072000504   13.606598854
  -21.052000046   13.565105438
  -21.031999588   13.535904884
  -21.011999130   13.493797302
  -20.992000580   13.405804634
  -20.972000122   13.249904633
  -20.951999664   13.013998032
  -20.931999207   12.701800346
  -20.912000656   12.336294174
  -20.892000198   11.952899933
  -20.871999741   11.591697693
  -20.851999283   11.294103622
  -20.832000732   11.095497131
  -20.812000275   11.021094322
  -20.791999817   11.087997437
  -20.771999359   11.301401138
  -20.752000809   11.656001091
  -20.732000351   12.138300896
  -20.711999893   12.722805977
  -20.691999435   13.368400574
  -20.672000885   14.028502464
  -20.652000427   14.643199921
  -20.631999969   15.149000168
  -20.611999512   15.489897728
  -20.591999054   15.623498917
  -20.572000504   15.528100014
  -20.552000046   15.212799072
  -20.531999588   14.703497887
  -20.511999130   14.053199768
  -20.492000580   13.332704544
  -20.472000122   12.611006737
  -20.451999664   11.956998825
  -20.431999207   11.426296234
  -20.412000656   11.058402061
  -20.392000198   10.869199753
  -20.371999741   10.856601715
  -20.351999283   11.003500938
  -20.332000732   11.277699471
  -20.312000275   11.642498016
  -20.291999817   12.061099052
  -20.271999359   12.501097679
  -20.252000809   12.937602997
  -20.232000351   13.351000786
  -20.211999893   13.723504066
  -20.191999435   14.041800499
  -20.172000885   14.291495323
  -20.152000427   14.459399223
  -20.131999969   14.532701492
  -20.111999512   14.508404732
  -20.091999054   14.392700195
  -20.072000504   14.202995300
  -20.052000046   13.972702980
  -20.031999588   13.747603416
  -20.011999130   13.571402550
  -19.992000580   13.488198280
  -19.972000122   13.523799896
  -19.951999664   13.685005188
  -19.931999207   13.952899933
  -19.912000656   14.289599419
  -19.892000198   14.641206741
  -19.871999741   14.930096626
  -19.851999283   15.134001732
  -19.832000732   15.200207710
  -19.812000275   15.119505882
  -19.791999817   14.919000626
  -19.771999359   14.625992775
  -19.752000809   14.290092468
  -19.732000351   13.977896690
  -19.711999893   13.743297577
  -19.691999435   13.634507179
  -19.672000885   13.687596321
  -19.652000427   13.920496941
  -19.631999969   14.327303886
  -19.611999512   14.889498711
  -19.591999054   15.572890282
  -19.572000504   16.316198349
  -19.552000046   17.048397064
  -19.531999588   17.698703766
  -19.511999130   18.211997986
  -19.492000580   18.526901245
  -19.472000122   18.618097305
  -19.451999664   18.485399246
  -19.431999207   18.146196365
  -19.412000656   17.629096985
  -19.392000198   17.005407333
  -19.371999741   16.318899155
  -19.351999283   15.632994652
  -19.332000732   14.982499123
  -19.312000275   14.397396088
  -19.291999817   13.871899605
  -19.271999359   13.403491974
  -19.252000809   12.964402199
  -19.232000351   12.529699326
  -19.211999893   12.070898056
  -19.191999435   11.572898865
  -19.172000885   11.032999039
  -19.152000427   10.464103699
  -19.131999969    9.885303497
  -19.111999512    9.320402145
  -19.091999054    8.798000336
  -19.072000504    8.340999603
  -19.052000046    7.970501423
  -19.031999588    7.703899860
  -19.011999130    7.557101250
  -18.992000580    7.542099953
  -18.972000122    7.665801048
  -18.951999664    7.926902294
  -18.931999207    8.313199997
  -18.912000656    8.798001289
  -18.892000198    9.338399887
  -18.871999741    9.882899284
  -18.851999283   10.372502327
  -18.832000732   10.751300812
  -18.812000275   10.975203514
  -18.791999817   11.014402390
  -18.771999359   10.863100052
  -18.752000809   10.532694817
  -18.732000351   10.058899879
  -18.711999893    9.485100746
  -18.691999435    8.862000465
  -18.672000885    8.234702110
  -18.652000427    7.642699242
  -18.631999969    7.108200073
  -18.611999512    6.640697956
  -18.591999054    6.239799976
  -18.572000504    5.894401073
  -18.552000046    5.593700886
  -18.531999588    5.327298641
  -18.511999130    5.089101315
  -18.492000580    4.883102894
  -18.472000122    4.715099335
  -18.451999664    4.595599174
  -18.431999207    4.536599159
  -18.412000656    4.546400070
  -18.392000198    4.632799625
  -18.371999741    4.794901371
  -18.351999283    5.026997089
  -18.332000732    5.318501949
  -18.312000275    5.652300358
  -18.291999817    6.007399559
  -18.271999359    6.358500004
  -18.252000809    6.678098202
  -18.232000351    6.943000317
  -18.211999893    7.129000187
  -18.191999435    7.218397617
  -18.172000885    7.201697350
  -18.152000427    7.073697567
  -18.131999969    6.843900204
  -18.111999512    6.526497364
  -18.091999054    6.141400337
  -18.072000504    5.718501568
  -18.052000046    5.284601688
  -18.031999588    4.866501808
  -18.011999130    4.486398697
  -17.992000580    4.156700611
  -17.972000122    3.885499954
  -17.951999664    3.669188023
  -17.931999207    3.503188848
  -17.912000656    3.381540060
  -17.892000198    3.299740791
  -17.871999741    3.264240265
  -17.851999283    3.288218021
  -17.832000732    3.395598888
  -17.812000275    3.618800402
  -17.791999817    3.992599010
  -17.771999359    4.552399635
  -17.752000809    5.323198318
  -17.732000351    6.313899994
  -17.711999893    7.516400814
  -17.691999435    8.891802788
  -17.672000885   10.383601189
  -17.652000427   11.913198471
  -17.631999969   13.392798424
  -17.611999512   14.735597610
  -17.591999054   15.870102882
  -17.572000504   16.746801376
  -17.552000046   17.348304749
  -17.531999588   17.682596207
  -17.511999130   17.789703369
  -17.492000580   17.721801758
  -17.472000122   17.543603897
  -17.451999664   17.316299438
  -17.431999207   17.094001770
  -17.412000656   16.914802551
  -17.392000198   16.800201416
  -17.371999741   16.753402710
  -17.351999283   16.767103195
  -17.332000732   16.815401077
  -17.312000275   16.869401932
  -17.291999817   16.899904251
  -17.271999359   16.878101349
  -17.252000809   16.784997940
  -17.232000351   16.613498688
  -17.211999893   16.371202469
  -17.191999435   16.076007843
  -17.172000885   15.757606506
  -17.152000427   15.447796822
  -17.131999969   15.182000160
  -17.111999512   14.982999802
  -17.091999054   14.867003441
  -17.072000504   14.835197449
  -17.052000046   14.878295898
  -17.031999588   14.974395752
  -17.011999130   15.102003098
  -16.992000580   15.237196922
  -16.972000122   15.360795975
  -16.951999664   15.460699081
  -16.931999207   15.529996872
  -16.912000656   15.570096970
  -16.892000198   15.584705353
  -16.871999741   15.582992554
  -16.851999283   15.573397636
  -16.832000732   15.571799278
  -16.812000275   15.592895508
  -16.791999817   15.651294708
  -16.771999359   15.762199402
  -16.752000809   15.929697990
  -16.732000351   16.149995804
  -16.711999893   16.399396896
  -16.691999435   16.642698288
  -16.672000885   16.830402374
  -16.652000427   16.922094345
  -16.631999969   16.871999741
  -16.611999512   16.663499832
  -16.591999054   16.295995712
  -16.572000504   15.805897713
  -16.552000046   15.238600731
  -16.531999588   14.652896881
  -16.511999130   14.106805801
  -16.492000580   13.641401291
  -16.472000122   13.286097527
  -16.451999664   13.048005104
  -16.431999207   12.924208641
  -16.412000656   12.901905060
  -16.392000198   12.969504356
  -16.371999741   13.114603996
  -16.351999283   13.333404541
  -16.332000732   13.620699883
  -16.312000275   13.973202705
  -16.291999817   14.380302429
  -16.271999359   14.826700211
  -16.252000809   15.294198990
  -16.232000351   15.753900528
  -16.211999893   16.188095093
  -16.191999435   16.560392380
  -16.172000885   16.847797394
  -16.152000427   17.027494431
  -16.131999969   17.067201614
  -16.111999512   16.952100754
  -16.091999054   16.680801392
  -16.072000504   16.264698029
  -16.052000046   15.729094505
  -16.031999588   15.102297783
  -16.011999130   14.461498260
  -15.991999626   13.863903046
  -15.972000122   13.376600266
  -15.951999664   13.049404144
  -15.932000160   12.913899422
  -15.911999702   12.974606514
  -15.892000198   13.209102631
  -15.871999741   13.575302124
  -15.852000237   14.017002106
  -15.831999779   14.476297379
  -15.812000275   14.898501396
  -15.791999817   15.239400864
  -15.772000313   15.478799820
  -15.751999855   15.604493141
  -15.732000351   15.621394157
  -15.711999893   15.538491249
  -15.692000389   15.386597633
  -15.671999931   15.196599960
  -15.652000427   14.992303848
  -15.631999969   14.790900230
  -15.612000465   14.622900963
  -15.592000008   14.497103691
  -15.571999550   14.417897224
  -15.552000046   14.385398865
  -15.531999588   14.394197464
  -15.512000084   14.433902740
  -15.491999626   14.492601395
  -15.472000122   14.557095528
  -15.451999664   14.603698730
  -15.432000160   14.622503281
  -15.411999702   14.603900909
  -15.392000198   14.546404839
  -15.371999741   14.472707748
  -15.352000237   14.369501114
  -15.331999779   14.298598289
  -15.312000275   14.264403343
  -15.291999817   14.302999496
  -15.272000313   14.397006035
  -15.251999855   14.568601608
  -15.232000351   14.789198875
  -15.211999893   15.032793045
  -15.192000389   15.270404816
  -15.171999931   15.470205307
  -15.152000427   15.637813568
  -15.131999969   15.744607925
  -15.112000465   15.806004524
  -15.092000008   15.822908401
  -15.071999550   15.801310539
  -15.052000046   15.749909401
  -15.031999588   15.666605949
  -15.012000084   15.542589188
  -14.991999626   15.351803780
  -14.972000122   15.119012833
  -14.951999664   14.803189278
  -14.932000160   14.428700447
  -14.911999702   14.013502121
  -14.892000198   13.598495483
  -14.871999741   13.212601662
  -14.852000237   12.904397011
  -14.831999779   12.713599205
  -14.812000275   12.675598145
  -14.791999817   12.810301781
  -14.772000313   13.121296883
  -14.751999855   13.600297928
  -14.732000351   14.188090324
  -14.711999893   14.857604980
  -14.692000389   15.524104118
  -14.671999931   16.104991913
  -14.652000427   16.569297791
  -14.631999969   16.843307495
  -14.612000465   16.918102264
  -14.592000008   16.811807632
  -14.571999550   16.536699295
  -14.552000046   16.173109055
  -14.531999588   15.773898125
  -14.512000084   15.383895874
  -14.491999626   15.052202225
  -14.472000122   14.810005188
  -14.451999664   14.652992249
  -14.432000160   14.588802338
  -14.411999702   14.611898422
  -14.392000198   14.689203262
  -14.371999741   14.810795784
  -14.352000237   14.964407921
  -14.331999779   15.137306213
  -14.312000275   15.297298431
  -14.291999817   15.435499191
  -14.272000313   15.570605278
  -14.251999855   15.648797035
  -14.232000351   15.671401024
  -14.211999893   15.648602486
  -14.192000389   15.554600716
  -14.171999931   15.404503822
  -14.152000427   15.200102806
  -14.131999969   14.944693565
  -14.112000465   14.666502953
  -14.092000008   14.373907089
  -14.071999550   14.115603447
  -14.052000046   13.897894859
  -14.031999588   13.759999275
  -14.012000084   13.706301689
  -13.991999626   13.757191658
  -13.972000122   13.912905693
  -13.951999664   14.195905685
  -13.932000160   14.592301369
  -13.911999702   15.105099678
  -13.892000198   15.713899612
  -13.871999741   16.406898499
  -13.852000237   17.135398865
  -13.831999779   17.857603073
  -13.812000275   18.522193909
  -13.791999817   19.099002838
  -13.772000313   19.541099548
  -13.751999855   19.813606262
  -13.732000351   19.924802780
  -13.711999893   19.867893219
  -13.692000389   19.683607101
  -13.671999931   19.380796432
  -13.652000427   19.001903534
  -13.631999969   18.581998825
  -13.612000465   18.130294800
  -13.592000008   17.661600113
  -13.571999550   17.207706451
  -13.552000046   16.771003723
  -13.531999588   16.368297577
  -13.512000084   16.027902603
  -13.491999626   15.772000313
  -13.472000122   15.623996735
  -13.451999664   15.608599663
  -13.432000160   15.749202728
  -13.411999702   16.031103134
  -13.392000198   16.461101532
  -13.371999741   16.979890823
  -13.352000237   17.581695557
  -13.331999779   18.212900162
  -13.312000275   18.826301575
  -13.291999817   19.367296219
  -13.272000313   19.834302902
  -13.251999855   20.176893234
  -13.232000351   20.411006927
  -13.211999893   20.532300949
  -13.192000389   20.572498322
  -13.171999931   20.569597244
  -13.152000427   20.557193756
  -13.131999969   20.569892883
  -13.112000465   20.614898682
  -13.092000008   20.687507629
  -13.071999550   20.756902695
  -13.052000046   20.803504944
  -13.031999588   20.780900955
  -13.012000084   20.665210724
  -12.991999626   20.428400040
  -12.972000122   20.086793900
  -12.951999664   19.667896271
  -12.932000160   19.226699829
  -12.911999702   18.828702927
  -12.892000198   18.524398804
  -12.871999741   18.382802963
  -12.852000237   18.429498672
  -12.831999779   18.687797546
  -12.812000275   19.138898849
  -12.791999817   19.746997833
  -12.772000313   20.465503693
  -12.751999855   21.264499664
  -12.732000351   22.074203491
  -12.711999893   22.867498398
  -12.692000389   23.600095749
  -12.671999931   24.258998871
  -12.652000427   24.813301086
  -12.631999969   25.247600555
  -12.612000465   25.552698135
  -12.592000008   25.710996628
  -12.571999550   25.705211639
  -12.552000046   25.540607452
  -12.531999588   25.216613770
  -12.512000084   24.734603882
  -12.491999626   24.108997345
  -12.472000122   23.373897552
  -12.451999664   22.541702271
  -12.432000160   21.638805389
  -12.411999702   20.701002121
  -12.392000198   19.776895523
  -12.371999741   18.927503586
  -12.352000237   18.218603134
  -12.331999779   17.704296112
  -12.312000275   17.469705582
  -12.291999817   17.541101456
  -12.272000313   17.942401886
  -12.251999855   18.683498383
  -12.232000351   19.711500168
  -12.211999893   20.963998795
  -12.192000389   22.345701218
  -12.171999931   23.762094498
  -12.152000427   25.111913681
  -12.131999969   26.284400940
  -12.112000465   27.211904526
  -12.092000008   27.844306946
  -12.071999550   28.144704819
  -12.052000046   28.113508224
  -12.031999588   27.771608353
  -12.012000084   27.191314697
  -11.991999626   26.436813354
  -11.972000122   25.601999283
  -11.951999664   24.797700882
  -11.932000160   24.094110489
  -11.911999702   23.569698334
  -11.892000198   23.246398926
  -11.871999741   23.127794266
  -11.852000237   23.178695679
  -11.831999779   23.332695007
  -11.812000275   23.524196625
  -11.791999817   23.688396454
  -11.772000313   23.786399841
  -11.751999855   23.813899994
  -11.732000351   23.784896851
  -11.711999893   23.739900589
  -11.692000389   23.737297058
  -11.671999931   23.839891434
  -11.652000427   24.083597183
  -11.631999969   24.496791840
  -11.612000465   25.043903351
  -11.592000008   25.723394394
  -11.571999550   26.466604233
  -11.552000046   27.213190079
  -11.531999588   27.904592514
  -11.512000084   28.497999191
  -11.491999626   28.967302322
  -11.472000122   29.307199478
  -11.451999664   29.527801514
  -11.432000160   29.628402710
  -11.411999702   29.634298325
  -11.392000198   29.538385391
  -11.371999741   29.359592438
  -11.352000237   29.107603073
  -11.331999779   28.785495758
  -11.312000275   28.420503616
  -11.291999817   28.043687820
  -11.272000313   27.704492569
  -11.251999855   27.410793304
  -11.232000351   27.228588104
  -11.211999893   27.152700424
  -11.192000389   27.213397980
  -11.171999931   27.397497177
  -11.152000427   27.694591522
  -11.131999969   28.074302673
  -11.112000465   28.491395950
  -11.092000008   28.908908844
  -11.071999550   29.273694992
  -11.052000046   29.562784195
  -11.031999588   29.746803284
  -11.012000084   29.843503952
  -10.991999626   29.848699570
  -10.972000122   29.792102814
  -10.951999664   29.724094391
  -10.932000160   29.676197052
  -10.911999702   29.668594360
  -10.892000198   29.741792679
  -10.871999741   29.909391403
  -10.852000237   30.174291611
  -10.831999779   30.543788910
  -10.812000275   31.014898300
  -10.791999817   31.564294815
  -10.772000313   32.200393677
  -10.751999855   32.871898651
  -10.732000351   33.567699432
  -10.711999893   34.242595673
  -10.692000389   34.863319397
  -10.671999931   35.376403809
  -10.652000427   35.752403259
  -10.631999969   35.961982727
  -10.612000465   35.987102509
  -10.592000008   35.860008240
  -10.571999550   35.589504242
  -10.552000046   35.240787506
  -10.531999588   34.910800934
  -10.512000084   34.687908173
  -10.491999626   34.661998749
  -10.472000122   34.903392792
  -10.451999664   35.457889557
  -10.432000160   36.352210999
  -10.411999702   37.536888123
  -10.392000198   38.960807800
  -10.371999741   40.542480469
  -10.352000237   42.147590637
  -10.331999779   43.691493988
  -10.312000275   45.032211304
  -10.291999817   46.075485229
  -10.272000313   46.745491028
  -10.251999855   46.967987061
  -10.232000351   46.740486145
  -10.211999893   46.082599640
  -10.192000389   45.062492371
  -10.171999931   43.760398865
  -10.152000427   42.300800323
  -10.131999969   40.783901215
  -10.112000465   39.337013245
  -10.092000008   38.047103882
  -10.071999550   36.971179962
  -10.052000046   36.126209259
  -10.031999588   35.490993500
  -10.012000084   35.037998199
   -9.991999626   34.684593201
   -9.972000122   34.393402100
   -9.951999664   34.118297577
   -9.932000160   33.817489624
   -9.911999702   33.487602234
   -9.892000198   33.141094208
   -9.871999741   32.790699005
   -9.852000237   32.456096649
   -9.831999779   32.155597687
   -9.812000275   31.898200989
   -9.791999817   31.676298141
   -9.772000313   31.495298386
   -9.751999855   31.351295471
   -9.732000351   31.228784561
   -9.711999893   31.141780853
   -9.692000389   31.102294922
   -9.671999931   31.083395004
   -9.652000427   31.105695724
   -9.631999969   31.150489807
   -9.612000465   31.190608978
   -9.592000008   31.205398560
   -9.571999550   31.175292969
   -9.552000046   31.061002731
   -9.531999588   30.854099274
   -9.512000084   30.557691574
   -9.491999626   30.151298523
   -9.472000122   29.661296844
   -9.451999664   29.093900681
   -9.432000160   28.483201981
   -9.411999702   27.840202332
   -9.392000198   27.204204559
   -9.371999741   26.599994659
   -9.352000237   26.065828323
   -9.331999779   25.644283295
   -9.312000275   25.345829010
   -9.291999817   25.210453033
   -9.272000313   25.235452652
   -9.251999855   25.397052765
   -9.232000351   25.693738937
   -9.211999893   26.065040588
   -9.192000389   26.450233459
   -9.171999931   26.823303223
   -9.152000427   27.130498886
   -9.131999969   27.352590561
   -9.112000465   27.484384537
   -9.092000008   27.530605316
   -9.071999550   27.511692047
   -9.052000046   27.447298050
   -9.031999588   27.365901947
   -9.012000084   27.288015366
   -8.991999626   27.232919693
   -8.972000122   27.208917618
   -8.951999664   27.210311890
   -8.932000160   27.226663589
   -8.911999702   27.230318069
   -8.892000198   27.182693481
   -8.871999741   27.054426193
   -8.852000237   26.837816238
   -8.831999779   26.514854431
   -8.812000275   26.101493835
   -8.791999817   25.632585526
   -8.772000313   25.140209198
   -8.751999855   24.680093765
   -8.732000351   24.286514282
   -8.711999893   23.991386414
   -8.692000389   23.807348251
   -8.671999931   23.736618042
   -8.652000427   23.759372711
   -8.631999969   23.864288330
   -8.612000465   24.025300980
   -8.592000008   24.228639603
   -8.571999550   24.470792770
   -8.552000046   24.764150620
   -8.531999588   25.097042084
   -8.512000084   25.476062775
   -8.491999626   25.893142700
   -8.472000122   26.322202682
   -8.451999664   26.718759537
   -8.432000160   27.027421951
   -8.411999702   27.195047379
   -8.392000198   27.172189713
   -8.371999741   26.946039200
   -8.352000237   26.494043350
   -8.331999779   25.852546692
   -8.312000275   25.069465637
   -8.291999817   24.215270996
   -8.272000313   23.381341934
   -8.251999855   22.634504318
   -8.232000351   22.051822662
   -8.211999893   21.660917282
   -8.192000389   21.504415512
   -8.171999931   21.585704803
   -8.152000427   21.884313583
   -8.131999969   22.371500015
   -8.112000465   22.995298386
   -8.092000008   23.685756683
   -8.071999550   24.389829636
   -8.052000046   25.025709152
   -8.031999588   25.538515091
   -8.012000084   25.861049652
   -7.992000103   25.989927292
   -7.972000122   25.908441544
   -7.952000141   25.660238266
   -7.932000160   25.271215439
   -7.912000179   24.806179047
   -7.892000198   24.301500320
   -7.872000217   23.812219620
   -7.852000237   23.366804123
   -7.831999779   22.969303131
   -7.811999798   22.651517868
   -7.791999817   22.420154572
   -7.771999836   22.277786255
   -7.751999855   22.235235214
   -7.731999874   22.293184280
   -7.711999893   22.442287445
   -7.691999912   22.662170410
   -7.671999931   22.937404633
   -7.651999950   23.207433701
   -7.631999969   23.436969757
   -7.611999989   23.602619171
   -7.592000008   23.670400620
   -7.572000027   23.626354218
   -7.552000046   23.489706039
   -7.532000065   23.281635284
   -7.512000084   23.025173187
   -7.492000103   22.756212234
   -7.472000122   22.513320923
   -7.452000141   22.308357239
   -7.432000160   22.147096634
   -7.412000179   22.068717957
   -7.392000198   22.046749115
   -7.372000217   22.072751999
   -7.352000237   22.151515961
   -7.331999779   22.275947571
   -7.311999798   22.429363251
   -7.291999817   22.605901718
   -7.271999836   22.795177460
   -7.251999855   22.988647461
   -7.231999874   23.147510529
   -7.211999893   23.260812759
   -7.191999912   23.312019348
   -7.171999931   23.272695541
   -7.151999950   23.152910233
   -7.131999969   22.961864471
   -7.111999989   22.731100082
   -7.092000008   22.480215073
   -7.072000027   22.251819611
   -7.052000046   22.062410355
   -7.032000065   21.923049927
   -7.012000084   21.821693420
   -6.992000103   21.744159698
   -6.972000122   21.672937393
   -6.952000141   21.595584869
   -6.932000160   21.504728317
   -6.912000179   21.421073914
   -6.892000198   21.371479034
   -6.872000217   21.385267258
   -6.852000237   21.481531143
   -6.831999779   21.681974411
   -6.811999798   21.968822479
   -6.791999817   22.311283112
   -6.771999836   22.668603897
   -6.751999855   23.001668930
   -6.731999874   23.263330460
   -6.711999893   23.436332703
   -6.691999912   23.499403000
   -6.671999931   23.489316940
   -6.651999950   23.410881042
   -6.631999969   23.292066574
   -6.611999989   23.170883179
   -6.592000008   23.057451248
   -6.572000027   22.950899124
   -6.552000046   22.848381042
   -6.532000065   22.709012985
   -6.512000084   22.520875931
   -6.492000103   22.272003174
   -6.472000122   21.940399170
   -6.452000141   21.542034149
   -6.432000160   21.079872131
   -6.412000179   20.581863403
   -6.392000198   20.046005249
   -6.372000217   19.519289017
   -6.352000237   19.005723953
   -6.331999779   18.510353088
   -6.311999798   18.065208435
   -6.291999817   17.675334930
   -6.271999836   17.349748611
   -6.251999855   17.100463867
   -6.231999874   16.927469254
   -6.211999893   16.816736221
   -6.191999912   16.741237640
   -6.171999931   16.675924301
   -6.151999950   16.589765549
   -6.131999969   16.449729919
   -6.111999989   16.234771729
   -6.092000008   15.963870049
   -6.072000027   15.624006271
   -6.052000046   15.261131287
   -6.032000065   14.895228386
   -6.012000084   14.549285889
   -5.992000103   14.274284363
   -5.972000122   14.072212219
   -5.952000141   13.965077400
   -5.932000160   13.946900368
   -5.912000179   14.016674042
   -5.892000198   14.156442642
   -5.872000217   14.361213684
   -5.852000237   14.595001221
   -5.831999779   14.858821869
   -5.811999798   15.137690544
   -5.791999817   15.437599182
   -5.771999836   15.758566856
   -5.751999855   16.114593506
   -5.731999874   16.520681381
   -5.711999893   16.978828430
   -5.691999912   17.498065948
   -5.671999931   18.070375443
   -5.651999950   18.667774200
   -5.631999969   19.283285141
   -5.611999989   19.883882523
   -5.592000008   20.439571381
   -5.572000027   20.932332993
   -5.552000046   21.334135056
   -5.532000065   21.628934860
   -5.512000084   21.803689957
   -5.492000103   21.827333450
   -5.472000122   21.706853867
   -5.452000141   21.447216034
   -5.432000160   21.047401428
   -5.412000179   20.514440536
   -5.392000198   19.906333923
   -5.372000217   19.252153397
   -5.352000237   18.599918365
   -5.331999779   17.993667603
   -5.311999798   17.473436356
   -5.291999817   17.066236496
   -5.271999836   16.793075562
   -5.251999855   16.636938095
   -5.231999874   16.571815491
   -5.211999893   16.576671600
   -5.191999912   16.616506577
   -5.171999931   16.666297913
   -5.151999950   16.701030731
   -5.131999969   16.706708908
   -5.111999989   16.673324585
   -5.092000008   16.620895386
   -5.072000027   16.544416428
   -5.052000046   16.438909531
   -5.032000065   16.306400299
   -5.012000084   16.139892578
   -4.992000103   15.908400536
   -4.972000122   15.615928650
   -4.952000141   15.240490913
   -4.932000160   14.783096313
   -4.912000179   14.251741409
   -4.892000198   13.670433044
   -4.872000217   13.060162544
   -4.852000237   12.444241524
   -4.831999779   11.849953651
   -4.811999798   11.293004990
   -4.791999817   10.787987709
   -4.771999836   10.344789505
   -4.751999855    9.955219269
   -4.731999874    9.643964767
   -4.711999893    9.408823967
   -4.691999912    9.269191742
   -4.671999931    9.227170944
   -4.651999950    9.282850266
   -4.631999969    9.425844193
   -4.611999989    9.629928589
   -4.592000008    9.862729073
   -4.572000027   10.078323364
   -4.552000046   10.232322693
   -4.532000065   10.297918320
   -4.512000084   10.255715370
   -4.492000103   10.093711853
   -4.472000122    9.839808464
   -4.452000141    9.523501396
   -4.432000160    9.163891792
   -4.412000179    8.806586266
   -4.392000198    8.470178604
   -4.372000217    8.166572571
   -4.352000237    7.897768021
   -4.331999779    7.655664921
   -4.311999798    7.427761078
   -4.291999817    7.199356079
   -4.271999836    6.962054253
   -4.251999855    6.713445187
   -4.231999874    6.458746433
   -4.211999893    6.213143349
   -4.191999912    5.996139526
   -4.171999931    5.830438614
   -4.151999950    5.736837864
   -4.131999969    5.731737137
   -4.111999989    5.820137978
   -4.092000008    5.993839741
   -4.072000027    6.228240013
   -4.052000046    6.489041805
   -4.032000065    6.731943130
   -4.012000084    6.909145355
   -3.992000103    6.980645657
   -3.971999884    6.920344830
   -3.951999903    6.718841076
   -3.931999922    6.389240742
   -3.911999941    5.967540264
   -3.891999960    5.498835564
   -3.871999979    5.037332058
   -3.851999998    4.631232262
   -3.832000017    4.318532467
   -3.812000036    4.116333008
   -3.792000055    4.022833824
   -3.772000074    4.020037651
   -3.752000093    4.076639652
   -3.732000113    4.158546925
   -3.711999893    4.232354641
   -3.691999912    4.273264408
   -3.671999931    4.266977310
   -3.651999950    4.206796646
   -3.631999969    4.098320484
   -3.611999989    3.951054335
   -3.592000008    3.779996157
   -3.572000027    3.600247622
   -3.552000046    3.428209782
   -3.532000065    3.279279947
   -3.512000084    3.166258097
   -3.492000103    3.098336220
   -3.471999884    3.080011606
   -3.451999903    3.106977701
   -3.431999922    3.172627449
   -3.411999941    3.262155771
   -3.391999960    3.353758097
   -3.371999979    3.426734209
   -3.351999998    3.461091995
   -3.332000017    3.437428236
   -3.312000036    3.347753048
   -3.292000055    3.187070847
   -3.272000074    2.961988688
   -3.252000093    2.687112808
   -3.232000113    2.381742954
   -3.211999893    2.071485043
   -3.191999912    1.781137109
   -3.171999931    1.534599304
   -3.151999950    1.350670338
   -3.131999969    1.242349625
   -3.111999989    1.211633921
   -3.092000008    1.253023744
   -3.072000027    1.350417018
   -3.052000046    1.480613112
   -3.032000065    1.616611004
   -3.012000084    1.730609655
   -2.992000103    1.797608972
   -2.971999884    1.801908016
   -2.951999903    1.737408280
   -2.931999922    1.608706474
   -2.911999941    1.428905845
   -2.891999960    1.216705084
   -2.871999979    0.992644131
   -2.851999998    0.775682986
   -2.832000017    0.581042409
   -2.812000036    0.417181760
   -2.792000055    0.287381262
   -2.772000074    0.190660730
   -2.752000093    0.123240560
   -2.732000113    0.080507360
   -2.711999893    0.058222223
   -2.691999912    0.053746216
   -2.671999931    0.066524222
   -2.651999950    0.098228335
   -2.631999969    0.152420506
   -2.611999989    0.233690828
   -2.592000008    0.346601188
   -2.572000027    0.493901551
   -2.552000046    0.674702108
   -2.532000065    0.883182883
   -2.512000084    1.107603788
   -2.492000103    1.330504537
   -2.471999884    1.532205343
   -2.451999903    1.691105604
   -2.431999922    1.791606069
   -2.411999941    1.823105931
   -2.391999960    1.789306045
   -2.371999979    1.698306084
   -2.351999998    1.574505568
   -2.332000017    1.444005489
   -2.312000036    1.336205721
   -2.292000055    1.276905656
   -2.272000074    1.286606312
   -2.252000093    1.375707746
   -2.232000113    1.544208884
   -2.211999893    1.781911612
   -2.191999912    2.071814299
   -2.171999931    2.389318228
   -2.151999950    2.707723618
   -2.131999969    3.002529383
   -2.111999989    3.254639626
   -2.092000008    3.450650930
   -2.072000027    3.588267565
   -2.052000046    3.674792051
   -2.032000065    3.723122835
   -2.012000084    3.748463631
   -1.991999984    3.771216393
   -1.972000003    3.803879976
   -1.952000022    3.857349873
   -1.932000041    3.933025599
   -1.911999941    4.027903080
   -1.891999960    4.136980057
   -1.871999979    4.251140594
   -1.851999998    4.360584259
   -1.832000017    4.457808018
   -1.812000036    4.537306786
   -1.792000055    4.590980053
   -1.771999955    4.618632317
   -1.751999974    4.618070602
   -1.731999993    4.597894669
   -1.712000012    4.570219517
   -1.692000031    4.554842472
   -1.672000051    4.578677177
   -1.651999950    4.670314789
   -1.631999969    4.853368282
   -1.611999989    5.138931274
   -1.592000008    5.522103310
   -1.572000027    5.980586052
   -1.552000046    6.473576069
   -1.531999946    6.952169895
   -1.511999965    7.366964340
   -1.491999984    7.681162357
   -1.472000003    7.876763821
   -1.452000022    7.958960533
   -1.432000041    7.950660706
   -1.411999941    7.888759613
   -1.391999960    7.812359810
   -1.371999979    7.752760887
   -1.351999998    7.730258465
   -1.332000017    7.751559258
   -1.312000036    7.812060356
   -1.292000055    7.908561230
   -1.271999955    8.037762642
   -1.251999974    8.208864212
   -1.231999993    8.439466476
   -1.212000012    8.755370140
   -1.192000031    9.184873581
   -1.172000051    9.745079994
   -1.151999950   10.434289932
   -1.131999969   11.254301071
   -1.111999989   12.164102554
   -1.092000008   13.127111435
   -1.072000027   14.079119682
   -1.052000046   14.987129211
   -1.031999946   15.819140434
   -1.011999965   16.562149048
   -0.991999984   17.245161057
   -0.972000003   17.905166626
   -0.952000022   18.575174332
   -0.931999981   19.318187714
   -0.912000000   20.141197205
   -0.892000020   21.033216476
   -0.871999979   21.977231979
   -0.851999998   22.905241013
   -0.832000017   23.746248245
   -0.811999977   24.442272186
   -0.791999996   24.940282822
   -0.772000015   25.237279892
   -0.751999974   25.337284088
   -0.731999993   25.274282455
   -0.712000012   25.077278137
   -0.691999972   24.785272598
   -0.671999991   24.411277771
   -0.652000010   23.954273224
   -0.632000029   23.426271439
   -0.611999989   22.790264130
   -0.592000008   22.061250687
   -0.572000027   21.258251190
   -0.551999986   20.405244827
   -0.532000005   19.550243378
   -0.512000024   18.752244949
   -0.492000014   18.039249420
   -0.472000003   17.460262299
   -0.451999992   17.019279480
   -0.432000011   16.705307007
   -0.412000000   16.502340317
   -0.391999990   16.372375488
   -0.372000009   16.277418137
   -0.351999998   16.170459747
   -0.331999987   16.030496597
   -0.312000006   15.833532333
   -0.291999996   15.574569702
   -0.272000015   15.255588531
   -0.252000004   14.873605728
   -0.231999993   14.459614754
   -0.211999997   14.018607140
   -0.192000002   13.591591835
   -0.172000006   13.209571838
   -0.151999995   12.905557632
   -0.131999999   12.711549759
   -0.112000003   12.655546188
   -0.092000000   12.744560242
   -0.071999997   12.979597092
   -0.052000001   13.310650826
   -0.032000002   13.723729134
   -0.012000000   14.142823219
    0.008000000   14.542934418
    0.028000001   14.863068581
    0.048000000   15.053207397
    0.068000004   15.098357201
    0.088000000   14.988516808
    0.108000003   14.722667694
    0.128000006   14.326814651
    0.148000002   13.840951920
    0.167999998   13.274070740
    0.187999994   12.690178871
    0.208000004   12.122260094
    0.228000000   11.600323677
    0.247999996   11.152362823
    0.268000007   10.797386169
    0.287999988   10.551369667
    0.307999998   10.417828560
    0.328000009   10.395654678
    0.347999990   10.506546974
    0.368000001   10.718997002
    0.388000011   11.024826050
    0.407999992   11.411623955
    0.428000003   11.834415436
    0.448000014   12.258213997
    0.467999995   12.643008232
    0.488000005   12.958836555
    0.508000016   13.177683830
    0.527999997   13.280563354
    0.547999978   13.273465157
    0.568000019   13.182394028
    0.588000000   13.000329018
    0.607999980   12.762293816
    0.628000021   12.492269516
    0.648000002   12.220245361
    0.667999983   11.934242249
    0.688000023   11.654230118
    0.708000004   11.377219200
    0.727999985   11.097216606
    0.748000026   10.816210747
    0.768000007   10.527203560
    0.787999988   10.243200302
    0.808000028    9.973993301
    0.828000009    9.717988968
    0.847999990    9.507087708
    0.867999971    9.361284256
    0.888000011    9.289185524
    0.907999992    9.298089981
    0.927999973    9.385889053
    0.948000014    9.537892342
    0.967999995    9.740499496
    0.987999976    9.976202011
    1.008000016   10.214209557
    1.027999997   10.445217133
    1.047999978   10.670227051
    1.067999959   10.894233704
    1.088000059   11.116234779
    1.108000040   11.333245277
    1.128000021   11.542261124
    1.148000002   11.736276627
    1.167999983   11.883290291
    1.187999964   11.958319664
    1.207999945   11.931361198
    1.228000045   11.777432442
    1.248000026   11.475538254
    1.268000007   11.046711922
    1.287999988   10.511968613
    1.307999969    9.897943497
    1.327999949    9.268557549
    1.348000050    8.676944733
    1.368000031    8.176192284
    1.388000011    7.807010174
    1.407999992    7.595146656
    1.427999973    7.550439835
    1.447999954    7.662316322
    1.468000054    7.906481266
    1.488000035    8.249950409
    1.508000016    8.652950287
    1.527999997    9.075849533
    1.547999978    9.477745056
    1.567999959    9.842159271
    1.588000059   10.137969017
    1.608000040   10.371849060
    1.628000021   10.523388863
    1.648000002   10.615056992
    1.667999983   10.661518097
    1.687999964   10.653112411
    1.707999945   10.608853340
    1.728000045   10.532723427
    1.748000026   10.432694435
    1.768000007   10.291733742
    1.787999988   10.131196976
    1.807999969    9.934558868
    1.827999949    9.717903137
    1.848000050    9.482749939
    1.868000031    9.236907959
    1.888000011    8.992243767
    1.907999992    8.761701584
    1.927999973    8.557040215
    1.947999954    8.392406464
    1.968000054    8.278648376
    1.988000035    8.222982407
    2.007999897    8.227692604
    2.028000116    8.289632797
    2.048000097    8.398045540
    2.068000078    8.539837837
    2.088000059    8.694899559
    2.108000040    8.846710205
    2.128000021    8.978655815
    2.148000002    9.081077576
    2.167999983    9.146067619
    2.187999964    9.175982475
    2.207999945    9.175969124
    2.227999926    9.157627106
    2.247999907    9.132545471
    2.267999887    9.114214897
    2.288000107    9.119075775
    2.308000088    9.158024788
    2.328000069    9.236459732
    2.348000050    9.360252380
    2.368000031    9.519647598
    2.388000011    9.693539619
    2.407999992    9.859492302
    2.427999973    9.994782448
    2.447999954   10.062135696
    2.467999935   10.021013260
    2.487999916    9.868060112
    2.507999897    9.595080376
    2.528000116    9.221866608
    2.548000097    8.780346870
    2.568000078    8.312650681
    2.588000059    7.867317200
    2.608000040    7.488972664
    2.628000021    7.213150978
    2.648000002    7.060943127
    2.667999983    7.037463188
    2.687999964    7.132587433
    2.707999945    7.326712608
    2.727999926    7.592210293
    2.747999907    7.900348186
    2.767999887    8.221804619
    2.788000107    8.531029701
    2.808000088    8.809780121
    2.828000069    9.041710854
    2.848000050    9.216885567
    2.868000031    9.325257301
    2.888000011    9.362125397
    2.907999992    9.317169189
    2.927999973    9.182818413
    2.947999954    8.953787804
    2.967999935    8.624203682
    2.987999916    8.191116333
    3.007999897    7.658842564
    3.028000116    7.036841869
    3.048000097    6.339819431
    3.068000078    5.591608524
    3.088000059    4.818529606
    3.108000040    4.050712585
    3.128000021    3.316561937
    3.148000002    2.640898466
    3.167999983    2.041831255
    3.187999964    1.532173038
    3.207999945    1.114523530
    3.227999926    0.784523010
    3.247999907    0.534466803
    3.267999887    0.351986587
    3.288000107    0.223939493
    3.308000088    0.137631953
    3.328000069    0.081564285
    3.348000050    0.046620362
    3.368000031    0.025694665
    3.388000011    0.013638658
    3.407999992    0.006967425
    3.427999973    0.003426666
    3.447999954    0.001621777
    3.467999935    0.000737922
    3.487999916    0.000322834
    3.507999897    0.000135690
    3.528000116    0.000054812
    3.548000097    0.000021267
