# E (eV)  pdos(E) 
  -25.431999207    0.002339087
  -25.412000656    0.005613007
  -25.392000198    0.012910103
  -25.371999741    0.028477862
  -25.351999283    0.060148664
  -25.332000732    0.121814974
  -25.312000275    0.236410007
  -25.291999817    0.439605534
  -25.271999359    0.784357846
  -25.252000809    1.340416670
  -25.232000351    2.197142601
  -25.211999893    3.452243567
  -25.191999435    5.200997353
  -25.172000885    7.516844749
  -25.152000427   10.407265663
  -25.131999969   13.823231697
  -25.111999512   17.615133286
  -25.091999054   21.529644012
  -25.072000504   25.246740341
  -25.052000046   28.366638184
  -25.031999588   30.596969604
  -25.011999130   31.655447006
  -24.992000580   31.450155258
  -24.972000122   29.947917938
  -24.951999664   27.380414963
  -24.931999207   24.010913849
  -24.912000656   20.220479965
  -24.892000198   16.339193344
  -24.871999741   12.666396141
  -24.851999283    9.426322937
  -24.832000732    6.732581139
  -24.812000275    4.615762234
  -24.791999817    3.037200212
  -24.771999359    1.918701053
  -24.752000809    1.162899852
  -24.732000351    0.676551461
  -24.711999893    0.377831668
  -24.691999435    0.202398285
  -24.672000885    0.104088679
  -24.652000427    0.051385231
  -24.631999969    0.024327623
  -24.611999512    0.011049758
  -24.591999054    0.004815402
  -24.572000504    0.002014066
  -24.552000046    0.000807965
  -24.531999588    0.000311060
  -24.511999130    0.000114882
  -24.492000580    0.000040648
  -24.472000122    0.000013849
  -24.451999664    0.000004626
  -24.431999207    0.000001860
  -24.412000656    0.000001906
  -24.392000198    0.000004745
  -24.371999741    0.000013804
  -24.351999283    0.000039341
  -24.332000732    0.000107566
  -24.312000275    0.000281615
  -24.291999817    0.000706001
  -24.271999359    0.001696492
  -24.252000809    0.003901784
  -24.232000351    0.008590808
  -24.211999893    0.018134039
  -24.191999435    0.036628809
  -24.172000885    0.070871681
  -24.152000427    0.131295711
  -24.131999969    0.233068958
  -24.111999512    0.396139830
  -24.091999054    0.644831121
  -24.072000504    1.005428910
  -24.052000046    1.499983191
  -24.031999588    2.146194458
  -24.011999130    2.939051151
  -23.992000580    3.855173349
  -23.972000122    4.841998577
  -23.951999664    5.821557045
  -23.931999207    6.707756519
  -23.912000656    7.402683258
  -23.892000198    7.817253113
  -23.871999741    7.914395332
  -23.851999283    7.670962811
  -23.832000732    7.117610455
  -23.812000275    6.328413486
  -23.791999817    5.387174129
  -23.771999359    4.393227577
  -23.752000809    3.430035114
  -23.732000351    2.565433025
  -23.711999893    1.838795543
  -23.691999435    1.266381502
  -23.672000885    0.842349052
  -23.652000427    0.552249849
  -23.631999969    0.377546042
  -23.611999512    0.304606885
  -23.591999054    0.329096913
  -23.572000504    0.459451228
  -23.552000046    0.717256308
  -23.531999588    1.137533545
  -23.511999130    1.759491920
  -23.492000580    2.621099234
  -23.472000122    3.747410774
  -23.451999664    5.130192280
  -23.431999207    6.736663342
  -23.412000656    8.469663620
  -23.392000198   10.206542015
  -23.371999741   11.779289246
  -23.351999283   13.035064697
  -23.332000732   13.821905136
  -23.312000275   14.057749748
  -23.291999817   13.719635963
  -23.271999359   12.868556023
  -23.252000809   11.624373436
  -23.232000351   10.152274132
  -23.211999893    8.614374161
  -23.191999435    7.159902573
  -23.172000885    5.908466816
  -23.152000427    4.914769173
  -23.131999969    4.191060066
  -23.111999512    3.711387396
  -23.091999054    3.421646595
  -23.072000504    3.268244267
  -23.052000046    3.190396786
  -23.031999588    3.148208857
  -23.011999130    3.111565590
  -22.992000580    3.071381569
  -22.972000122    3.026987076
  -22.951999664    2.997745037
  -22.931999207    2.993388414
  -22.912000656    3.035535097
  -22.892000198    3.140030146
  -22.871999741    3.317502022
  -22.851999283    3.573792219
  -22.832000732    3.900063515
  -22.812000275    4.284827232
  -22.791999817    4.698187351
  -22.771999359    5.110520363
  -22.752000809    5.483029842
  -22.732000351    5.774436474
  -22.711999893    5.954321861
  -22.691999435    5.991031170
  -22.672000885    5.882416725
  -22.652000427    5.627728462
  -22.631999969    5.241321564
  -22.611999512    4.764095306
  -22.591999054    4.229041576
  -22.572000504    3.677679062
  -22.552000046    3.141783953
  -22.531999588    2.649523497
  -22.511999130    2.215945959
  -22.492000580    1.849759698
  -22.472000122    1.547942996
  -22.451999664    1.304613352
  -22.431999207    1.111433148
  -22.412000656    0.957663774
  -22.392000198    0.835816860
  -22.371999741    0.739802063
  -22.351999283    0.663996160
  -22.332000732    0.605050087
  -22.312000275    0.561312020
  -22.291999817    0.530503988
  -22.271999359    0.511223376
  -22.252000809    0.501689613
  -22.232000351    0.500027478
  -22.211999893    0.504801154
  -22.191999435    0.514741540
  -22.172000885    0.529199064
  -22.152000427    0.549218774
  -22.131999969    0.576948941
  -22.111999512    0.616707861
  -22.091999054    0.675350010
  -22.072000504    0.763219178
  -22.052000046    0.892561853
  -22.031999588    1.079948306
  -22.011999130    1.343893647
  -21.992000580    1.706405759
  -21.972000122    2.188359499
  -21.951999664    2.806985378
  -21.931999207    3.576737165
  -21.912000656    4.499357224
  -21.892000198    5.568160057
  -21.871999741    6.768040180
  -21.851999283    8.064992905
  -21.832000732    9.416495323
  -21.812000275   10.792846680
  -21.791999817   12.144998550
  -21.771999359   13.425629616
  -21.752000809   14.598852158
  -21.732000351   15.597461700
  -21.711999893   16.368408203
  -21.691999435   16.851169586
  -21.672000885   16.994716644
  -21.652000427   16.752357483
  -21.631999969   16.128995895
  -21.611999512   15.145649910
  -21.591999054   13.887190819
  -21.572000504   12.455481529
  -21.552000046   10.982898712
  -21.531999588    9.610232353
  -21.511999130    8.452909470
  -21.492000580    7.599793911
  -21.472000122    7.097512245
  -21.451999664    6.941352367
  -21.431999207    7.074669361
  -21.412000656    7.401250362
  -21.392000198    7.818509579
  -21.371999741    8.179001808
  -21.351999283    8.388177872
  -21.332000732    8.362435341
  -21.312000275    8.058796883
  -21.291999817    7.487006664
  -21.271999359    6.696903229
  -21.252000809    5.758358002
  -21.232000351    4.763355255
  -21.211999893    3.790321589
  -21.191999435    2.905768394
  -21.172000885    2.151418209
  -21.152000427    1.543036461
  -21.131999969    1.077688098
  -21.111999512    0.739380956
  -21.091999054    0.503861010
  -21.072000504    0.346981704
  -21.052000046    0.246137932
  -21.031999588    0.182958454
  -21.011999130    0.143767372
  -20.992000580    0.119188398
  -20.972000122    0.103043690
  -20.951999664    0.091677599
  -20.931999207    0.082905911
  -20.912000656    0.075649306
  -20.892000198    0.069434427
  -20.871999741    0.064124711
  -20.851999283    0.059693396
  -20.832000732    0.056174997
  -20.812000275    0.053574406
  -20.791999817    0.051901102
  -20.771999359    0.051109098
  -20.752000809    0.051091112
  -20.732000351    0.051738892
  -20.711999893    0.052883107
  -20.691999435    0.054341111
  -20.672000885    0.055896208
  -20.652000427    0.057296492
  -20.631999969    0.058319606
  -20.611999512    0.058762595
  -20.591999054    0.058485288
  -20.572000504    0.057433598
  -20.552000046    0.055628706
  -20.531999588    0.053198010
  -20.511999130    0.050339494
  -20.492000580    0.047298491
  -20.472000122    0.044303890
  -20.451999664    0.041608606
  -20.431999207    0.039378185
  -20.412000656    0.037752096
  -20.392000198    0.036770098
  -20.371999741    0.036414497
  -20.351999283    0.036624491
  -20.332000732    0.037298802
  -20.312000275    0.038319007
  -20.291999817    0.039574698
  -20.271999359    0.040961713
  -20.252000809    0.042420898
  -20.232000351    0.043881297
  -20.211999893    0.045304488
  -20.191999435    0.046647299
  -20.172000885    0.047857694
  -20.152000427    0.048896000
  -20.131999969    0.049718108
  -20.111999512    0.050336000
  -20.091999054    0.050802797
  -20.072000504    0.051193614
  -20.052000046    0.051697999
  -20.031999588    0.052437805
  -20.011999130    0.053661309
  -19.992000580    0.055517409
  -19.972000122    0.058098685
  -19.951999664    0.061479006
  -19.931999207    0.065563783
  -19.912000656    0.070356518
  -19.892000198    0.075831883
  -19.871999741    0.082135312
  -19.851999283    0.089969024
  -19.832000732    0.100476712
  -19.812000275    0.116166987
  -19.791999817    0.141008720
  -19.771999359    0.181340024
  -19.752000809    0.246502697
  -19.732000351    0.349525571
  -19.711999893    0.507397652
  -19.691999435    0.740697861
  -19.672000885    1.071217299
  -19.652000427    1.520278811
  -19.631999969    2.101616144
  -19.611999512    2.812720299
  -19.591999054    3.641948462
  -19.572000504    4.546446323
  -19.552000046    5.466060638
  -19.531999588    6.322955608
  -19.511999130    7.037724972
  -19.492000580    7.531609535
  -19.472000122    7.748070717
  -19.451999664    7.663801670
  -19.431999207    7.298561573
  -19.412000656    6.700684071
  -19.392000198    5.956381798
  -19.371999741    5.158228874
  -19.351999283    4.417102337
  -19.332000732    3.818272352
  -19.312000275    3.439330339
  -19.291999817    3.327495337
  -19.271999359    3.500751734
  -19.252000809    3.941687107
  -19.232000351    4.606511593
  -19.211999893    5.418554306
  -19.191999435    6.274344921
  -19.172000885    7.074578285
  -19.152000427    7.694829464
  -19.131999969    8.055488586
  -19.111999512    8.105620384
  -19.091999054    7.823513508
  -19.072000504    7.261208057
  -19.052000046    6.476425648
  -19.031999588    5.578918934
  -19.011999130    4.677152634
  -18.992000580    3.878170252
  -18.972000122    3.281547785
  -18.951999664    2.972218275
  -18.931999207    3.010269880
  -18.912000656    3.443220139
  -18.892000198    4.297428608
  -18.871999741    5.573769569
  -18.851999283    7.248419762
  -18.832000732    9.254381180
  -18.812000275   11.498640060
  -18.791999817   13.841766357
  -18.771999359   16.151756287
  -18.752000809   18.294639587
  -18.732000351   20.152854919
  -18.711999893   21.664932251
  -18.691999435   22.801664352
  -18.672000885   23.558965683
  -18.652000427   23.971992493
  -18.631999969   24.060634613
  -18.611999512   23.845521927
  -18.591999054   23.348150253
  -18.572000504   22.608734131
  -18.552000046   21.659519196
  -18.531999588   20.589214325
  -18.511999130   19.476306915
  -18.492000580   18.443603516
  -18.472000122   17.568193436
  -18.451999664   16.892629623
  -18.431999207   16.431884766
  -18.412000656   16.135139465
  -18.392000198   15.915356636
  -18.371999741   15.673144341
  -18.351999283   15.299021721
  -18.332000732   14.716321945
  -18.312000275   13.877087593
  -18.291999817   12.767081261
  -18.271999359   11.439631462
  -18.252000809    9.946677208
  -18.232000351    8.376286507
  -18.211999893    6.828667641
  -18.191999435    5.379232407
  -18.172000885    4.089648247
  -18.152000427    2.999648809
  -18.131999969    2.124531746
  -18.111999512    1.451895952
  -18.091999054    0.959009767
  -18.072000504    0.613253176
  -18.052000046    0.381419897
  -18.031999588    0.232048735
  -18.011999130    0.139615297
  -17.992000580    0.084335186
  -17.972000122    0.052480299
  -17.951999664    0.034908406
  -17.931999207    0.026135510
  -17.912000656    0.023370741
  -17.892000198    0.026036456
  -17.871999741    0.035623077
  -17.851999283    0.056015801
  -17.832000732    0.094061799
  -17.812000275    0.160563096
  -17.791999817    0.270742089
  -17.771999359    0.444873363
  -17.752000809    0.706777215
  -17.732000351    1.082125783
  -17.711999893    1.592896819
  -17.691999435    2.253648043
  -17.672000885    3.059392214
  -17.652000427    3.985015869
  -17.631999969    4.980471611
  -17.611999512    5.973217487
  -17.591999054    6.871046066
  -17.572000504    7.596869469
  -17.552000046    8.062899590
  -17.531999588    8.243796349
  -17.511999130    8.151106834
  -17.492000580    7.840427399
  -17.472000122    7.413113594
  -17.451999664    7.013513088
  -17.431999207    6.776357651
  -17.412000656    6.839834213
  -17.392000198    7.292123795
  -17.371999741    8.161255836
  -17.351999283    9.410420418
  -17.332000732   10.933789253
  -17.312000275   12.566686630
  -17.291999817   14.086062431
  -17.271999359   15.296747208
  -17.252000809   16.015316010
  -17.232000351   16.123662949
  -17.211999893   15.581132889
  -17.191999435   14.452987671
  -17.172000885   12.858526230
  -17.152000427   10.972739220
  -17.131999969    8.978545189
  -17.111999512    7.047626972
  -17.091999054    5.309197903
  -17.072000504    3.840162992
  -17.052000046    2.669490576
  -17.031999588    1.786921620
  -17.011999130    1.153918147
  -16.992000580    0.723498642
  -16.972000122    0.443035841
  -16.951999664    0.268629372
  -16.931999207    0.164667785
  -16.912000656    0.104890898
  -16.892000198    0.071612395
  -16.871999741    0.053463299
  -16.851999283    0.043633606
  -16.832000732    0.038196601
  -16.812000275    0.035062797
  -16.791999817    0.033139702
  -16.771999359    0.031871997
  -16.752000809    0.031006403
  -16.732000351    0.030417008
  -16.711999893    0.030049900
  -16.691999435    0.029844206
  -16.672000885    0.029763293
  -16.652000427    0.029839797
  -16.631999969    0.030195704
  -16.611999512    0.031212002
  -16.591999054    0.033638790
  -16.572000504    0.039002791
  -16.552000046    0.050028604
  -16.531999588    0.071364008
  -16.511999130    0.110527895
  -16.492000580    0.178830191
  -16.472000122    0.292241901
  -16.451999664    0.471471161
  -16.431999207    0.742007673
  -16.412000656    1.129361033
  -16.392000198    1.657041669
  -16.371999741    2.338776827
  -16.351999283    3.167603731
  -16.332000732    4.123260498
  -16.312000275    5.147294044
  -16.291999817    6.173980236
  -16.271999359    7.112485409
  -16.252000809    7.893784523
  -16.232000351    8.445620537
  -16.211999893    8.753811836
  -16.191999435    8.838194847
  -16.172000885    8.753840446
  -16.152000427    8.591259956
  -16.131999969    8.443255424
  -16.111999512    8.383658409
  -16.091999054    8.456319809
  -16.072000504    8.662259102
  -16.052000046    8.960288048
  -16.031999588    9.307449341
  -16.011999130    9.649930000
  -15.991999626    9.978109360
  -15.972000122   10.312300682
  -15.951999664   10.730203629
  -15.932000160   11.347602844
  -15.911999702   12.265001297
  -15.892000198   13.563300133
  -15.871999741   15.248904228
  -15.852000237   17.244699478
  -15.831999779   19.379003525
  -15.812000275   21.417697906
  -15.791999817   23.088401794
  -15.772000313   24.164102554
  -15.751999855   24.464275360
  -15.732000351   23.952117920
  -15.711999893   22.691812515
  -15.692000389   20.874145508
  -15.671999931   18.729602814
  -15.652000427   16.538768768
  -15.631999969   14.531465530
  -15.612000465   12.865674019
  -15.592000008   11.610066414
  -15.571999550   10.738238335
  -15.552000046   10.139695168
  -15.531999588    9.690445900
  -15.512000084    9.249300003
  -15.491999626    8.710813522
  -15.472000122    8.019543648
  -15.451999664    7.164935589
  -15.432000160    6.184873581
  -15.411999702    5.156223297
  -15.392000198    4.149685860
  -15.371999741    3.243464231
  -15.352000237    2.499871016
  -15.331999779    1.963869095
  -15.312000275    1.669646502
  -15.291999817    1.644252658
  -15.272000313    1.914109945
  -15.251999855    2.503021717
  -15.232000351    3.430850744
  -15.211999893    4.701423645
  -15.192000389    6.290840149
  -15.171999931    8.128728867
  -15.152000427   10.103126526
  -15.131999969   12.053240776
  -15.112000465   13.799962044
  -15.092000008   15.151882172
  -15.071999550   15.957121849
  -15.052000046   16.120450974
  -15.031999588   15.628697395
  -15.012000084   14.561173439
  -14.991999626   13.079348564
  -14.972000122   11.380760193
  -14.951999664    9.675550461
  -14.932000160    8.166445732
  -14.911999702    7.000169754
  -14.892000198    6.272355080
  -14.871999741    6.006320000
  -14.852000237    6.162337780
  -14.831999779    6.661994934
  -14.812000275    7.380474567
  -14.791999817    8.204631805
  -14.772000313    9.014699936
  -14.751999855    9.722078323
  -14.732000351   10.278729439
  -14.711999893   10.670485497
  -14.692000389   10.909665108
  -14.671999931   11.015794754
  -14.652000427   11.020645142
  -14.631999969   10.926728249
  -14.612000465   10.714770317
  -14.592000008   10.358106613
  -14.571999550    9.832556725
  -14.552000046    9.121105194
  -14.531999588    8.230795860
  -14.512000084    7.197853565
  -14.491999626    6.085906982
  -14.472000122    4.962525368
  -14.451999664    3.899682045
  -14.432000160    2.955093861
  -14.411999702    2.166656494
  -14.392000198    1.554283142
  -14.371999741    1.122068882
  -14.352000237    0.862654209
  -14.331999779    0.768695354
  -14.312000275    0.834434092
  -14.291999817    1.058682203
  -14.272000313    1.442874908
  -14.251999855    1.987306714
  -14.232000351    2.681920767
  -14.211999893    3.502625227
  -14.192000389    4.404183388
  -14.171999931    5.327200413
  -14.152000427    6.185570240
  -14.131999969    6.894527912
  -14.112000465    7.377733231
  -14.092000008    7.582729340
  -14.071999550    7.484405994
  -14.052000046    7.089567661
  -14.031999588    6.459883690
  -14.012000084    5.667078018
  -13.991999626    4.798220158
  -13.972000122    3.956037283
  -13.951999664    3.228843689
  -13.932000160    2.692932844
  -13.911999702    2.408830166
  -13.892000198    2.426109314
  -13.871999741    2.777627230
  -13.852000237    3.483444929
  -13.831999779    4.543637753
  -13.812000275    5.926401138
  -13.791999817    7.568427563
  -13.772000313    9.373666763
  -13.751999855   11.213137627
  -13.732000351   12.916363716
  -13.711999893   14.335354805
  -13.692000389   15.329336166
  -13.671999931   15.815268517
  -13.652000427   15.759430885
  -13.631999969   15.203460693
  -13.612000465   14.232817650
  -13.592000008   12.980977058
  -13.571999550   11.598474503
  -13.552000046   10.223113060
  -13.531999588    8.974455833
  -13.512000084    7.937162399
  -13.491999626    7.181231022
  -13.472000122    6.742739677
  -13.451999664    6.642719746
  -13.432000160    6.897140026
  -13.411999702    7.512069702
  -13.392000198    8.471560478
  -13.371999741    9.755528450
  -13.352000237   11.321872711
  -13.331999779   13.089872360
  -13.312000275   14.964509964
  -13.291999817   16.811691284
  -13.272000313   18.490095139
  -13.251999855   19.848974228
  -13.232000351   20.740291595
  -13.211999893   21.057601929
  -13.192000389   20.742471695
  -13.171999931   19.808288574
  -13.152000427   18.322324753
  -13.131999969   16.427673340
  -13.112000465   14.285746574
  -13.092000008   12.090125084
  -13.071999550    9.994502068
  -13.052000046    8.136425972
  -13.031999588    6.583931923
  -13.012000084    5.368738174
  -12.991999626    4.470945835
  -12.972000122    3.840362787
  -12.951999664    3.431326151
  -12.932000160    3.176675081
  -12.911999702    3.028515816
  -12.892000198    2.950522184
  -12.871999741    2.910129786
  -12.852000237    2.894140244
  -12.831999779    2.891793489
  -12.812000275    2.895527124
  -12.791999817    2.906534910
  -12.772000313    2.917106867
  -12.751999855    2.923399925
  -12.732000351    2.920907259
  -12.711999893    2.909895658
  -12.692000389    2.884117842
  -12.671999931    2.838075161
  -12.652000427    2.774546862
  -12.631999969    2.693998098
  -12.612000465    2.603255272
  -12.592000008    2.505473137
  -12.571999550    2.413501024
  -12.552000046    2.328504562
  -12.531999588    2.260891199
  -12.512000084    2.212033272
  -12.491999626    2.182604313
  -12.472000122    2.167656660
  -12.451999664    2.172506332
  -12.432000160    2.196734667
  -12.411999702    2.255254030
  -12.392000198    2.360604048
  -12.371999741    2.538162947
  -12.352000237    2.818943262
  -12.331999779    3.243824959
  -12.312000275    3.845236778
  -12.291999817    4.651348114
  -12.272000313    5.681921482
  -12.251999855    6.931526184
  -12.232000351    8.363310814
  -12.211999893    9.919030190
  -12.192000389   11.516452789
  -12.171999931   13.051866531
  -12.152000427   14.422439575
  -12.131999969   15.542640686
  -12.112000465   16.340021133
  -12.092000008   16.733909607
  -12.071999550   16.759777069
  -12.052000046   16.402528763
  -12.031999588   15.689619064
  -12.012000084   14.698741913
  -11.991999626   13.495508194
  -11.972000122   12.159797668
  -11.951999664   10.777599335
  -11.932000160    9.445190430
  -11.911999702    8.246129036
  -11.892000198    7.253049374
  -11.871999741    6.533798695
  -11.852000237    6.141168594
  -11.831999779    6.106399536
  -11.812000275    6.453461170
  -11.791999817    7.167720318
  -11.772000313    8.234665871
  -11.751999855    9.622159958
  -11.732000351   11.291768074
  -11.711999893   13.182064056
  -11.692000389   15.253648758
  -11.671999931   17.455291748
  -11.652000427   19.729135513
  -11.631999969   22.018669128
  -11.612000465   24.242565155
  -11.592000008   26.289632797
  -11.571999550   28.046754837
  -11.552000046   29.361906052
  -11.531999588   30.093975067
  -11.512000084   30.131135941
  -11.491999626   29.418933868
  -11.472000122   27.959096909
  -11.451999664   25.866672516
  -11.432000160   23.298379898
  -11.411999702   20.478879929
  -11.392000198   17.640138626
  -11.371999741   15.004884720
  -11.352000237   12.764094353
  -11.331999779   11.048487663
  -11.312000275    9.934610367
  -11.291999817    9.457463264
  -11.272000313    9.583404541
  -11.251999855   10.252825737
  -11.232000351   11.360067368
  -11.211999893   12.784072876
  -11.192000389   14.365952492
  -11.171999931   15.953892708
  -11.152000427   17.393661499
  -11.131999969   18.573158264
  -11.112000465   19.408554077
  -11.092000008   19.857728958
  -11.071999550   19.924085617
  -11.052000046   19.651569366
  -11.031999588   19.091444016
  -11.012000084   18.294048309
  -10.991999626   17.296201706
  -10.972000122   16.146827698
  -10.951999664   14.868470192
  -10.932000160   13.477109909
  -10.911999702   12.029509544
  -10.892000198   10.554900169
  -10.871999741    9.121561050
  -10.852000237    7.794409752
  -10.831999779    6.634809971
  -10.812000275    5.701425076
  -10.791999817    5.035233974
  -10.772000313    4.668806553
  -10.751999855    4.611945152
  -10.732000351    4.862542152
  -10.711999893    5.390931129
  -10.692000389    6.154120445
  -10.671999931    7.090141773
  -10.652000427    8.090798378
  -10.631999969    9.053808212
  -10.612000465    9.877257347
  -10.592000008   10.446335793
  -10.571999550   10.705428123
  -10.552000046   10.623270035
  -10.531999588   10.222290039
  -10.512000084    9.565958977
  -10.491999626    8.748961449
  -10.472000122    7.898740768
  -10.451999664    7.135152817
  -10.432000160    6.547096252
  -10.411999702    6.234832287
  -10.392000198    6.244599819
  -10.371999741    6.597963810
  -10.352000237    7.286713123
  -10.331999779    8.285977364
  -10.312000275    9.556459427
  -10.291999817   11.068422318
  -10.272000313   12.803748131
  -10.251999855   14.772718430
  -10.232000351   17.023717880
  -10.211999893   19.596277237
  -10.192000389   22.566104889
  -10.171999931   25.933877945
  -10.152000427   29.658990860
  -10.131999969   33.646141052
  -10.112000465   37.621936798
  -10.092000008   41.299701691
  -10.071999550   44.360542297
  -10.052000046   46.505062103
  -10.031999588   47.479431152
  -10.012000084   47.210044861
   -9.991999626   45.680019379
   -9.972000122   43.049221039
   -9.951999664   39.596019745
   -9.932000160   35.546947479
   -9.911999702   31.212392807
   -9.892000198   26.885784149
   -9.871999741   22.733798981
   -9.852000237   18.915296555
   -9.831999779   15.527973175
   -9.812000275   12.625141144
   -9.791999817   10.203016281
   -9.772000313    8.261606216
   -9.751999855    6.749268532
   -9.732000351    5.617166042
   -9.711999893    4.815675735
   -9.692000389    4.275504112
   -9.671999931    3.942444086
   -9.652000427    3.768608093
   -9.631999969    3.717651367
   -9.612000465    3.762128115
   -9.592000008    3.889684439
   -9.571999550    4.103618622
   -9.552000046    4.409848690
   -9.531999588    4.829282761
   -9.512000084    5.377589703
   -9.491999626    6.067042351
   -9.472000122    6.904795170
   -9.451999664    7.884859085
   -9.432000160    8.964479446
   -9.411999702   10.099346161
   -9.392000198   11.207618713
   -9.371999741   12.225364685
   -9.352000237   13.076707840
   -9.331999779   13.709790230
   -9.312000275   14.112096786
   -9.291999817   14.284090042
   -9.272000313   14.266814232
   -9.251999855   14.097552299
   -9.232000351   13.844027519
   -9.211999893   13.549965858
   -9.192000389   13.245676041
   -9.171999931   12.946033478
   -9.152000427   12.650096893
   -9.131999969   12.344904900
   -9.112000465   12.013172150
   -9.092000008   11.676192284
   -9.071999550   11.318060875
   -9.052000046   10.944786072
   -9.031999588   10.564944267
   -9.012000084   10.212023735
   -8.991999626    9.881237030
   -8.972000122    9.575115204
   -8.951999664    9.333763123
   -8.932000160    9.125310898
   -8.911999702    8.978184700
   -8.892000198    8.894850731
   -8.871999741    8.867140770
   -8.852000237    8.904443741
   -8.831999779    9.013647079
   -8.812000275    9.193367958
   -8.791999817    9.463469505
   -8.772000313    9.828728676
   -8.751999855   10.346361160
   -8.732000351   10.997036934
   -8.711999893   11.840616226
   -8.692000389   12.852533340
   -8.671999931   14.042160988
   -8.652000427   15.345085144
   -8.631999969   16.703617096
   -8.612000465   18.006175995
   -8.592000008   19.090635300
   -8.571999550   19.985645294
   -8.552000046   20.449665070
   -8.531999588   20.561187744
   -8.512000084   20.205776215
   -8.491999626   19.572866440
   -8.472000122   18.613086700
   -8.451999664   17.463045120
   -8.432000160   16.224895477
   -8.411999702   15.003702164
   -8.392000198   13.854030609
   -8.371999741   12.840960503
   -8.352000237   12.004797935
   -8.331999779   11.359280586
   -8.312000275   10.910984039
   -8.291999817   10.646573067
   -8.272000313   10.544851303
   -8.251999855   10.542389870
   -8.232000351   10.608954430
   -8.211999893   10.675932884
   -8.192000389   10.676542282
   -8.171999931   10.564140320
   -8.152000427   10.305231094
   -8.131999969    9.897787094
   -8.112000465    9.343651772
   -8.092000008    8.703660011
   -8.071999550    8.047597885
   -8.052000046    7.475759506
   -8.031999588    7.108540058
   -8.012000084    7.043399334
   -7.992000103    7.407299519
   -7.972000122    8.305602074
   -7.952000141    9.816207886
   -7.932000160   11.982429504
   -7.912000179   14.788810730
   -7.892000198   18.149173737
   -7.872000217   21.917102814
   -7.852000237   25.872400284
   -7.831999779   29.753496170
   -7.811999798   33.259197235
   -7.791999817   36.178993225
   -7.771999836   38.246498108
   -7.751999855   39.389404297
   -7.731999874   39.557296753
   -7.711999893   38.822895050
   -7.691999912   37.225215912
   -7.671999931   34.970077515
   -7.651999950   32.216007233
   -7.631999969   29.110969543
   -7.611999989   25.883831024
   -7.592000008   22.663967133
   -7.572000027   19.624401093
   -7.552000046   16.895090103
   -7.532000065   14.600781441
   -7.512000084   12.842042923
   -7.492000103   11.652910233
   -7.472000122   11.029441833
   -7.452000141   10.922690392
   -7.432000160   11.230612755
   -7.412000179   11.826029778
   -7.392000198   12.567024231
   -7.372000217   13.338907242
   -7.352000237   14.050337791
   -7.331999779   14.659259796
   -7.311999798   15.164691925
   -7.291999817   15.641390800
   -7.271999836   16.176683426
   -7.251999855   16.850435257
   -7.231999874   17.745923996
   -7.211999893   18.885213852
   -7.191999912   20.263917923
   -7.171999931   21.790559769
   -7.151999950   23.348064423
   -7.131999969   24.774860382
   -7.111999989   25.912820816
   -7.092000008   26.617212296
   -7.072000027   26.779594421
   -7.052000046   26.354217529
   -7.032000065   25.353750229
   -7.012000084   23.826679230
   -6.992000103   21.887033463
   -6.972000122   19.651145935
   -6.952000141   17.257556915
   -6.932000160   14.830945015
   -6.912000179   12.485874176
   -6.892000198   10.295354843
   -6.872000217    8.343202591
   -6.852000237    6.658431530
   -6.831999779    5.257804394
   -6.811999798    4.135523796
   -6.791999817    3.265336275
   -6.771999836    2.611512661
   -6.751999855    2.135455370
   -6.731999874    1.795884371
   -6.711999893    1.557483196
   -6.691999912    1.391318679
   -6.671999931    1.274630070
   -6.651999950    1.192233205
   -6.631999969    1.134368896
   -6.611999989    1.094180584
   -6.592000008    1.067268491
   -6.572000027    1.050088763
   -6.552000046    1.041804671
   -6.532000065    1.040465236
   -6.512000084    1.048735976
   -6.492000103    1.073444009
   -6.472000122    1.123356938
   -6.452000141    1.214369893
   -6.432000160    1.368065357
   -6.412000179    1.609408379
   -6.392000198    1.966717243
   -6.372000217    2.462099552
   -6.352000237    3.112864017
   -6.331999779    3.923436403
   -6.311999798    4.877569675
   -6.291999817    5.934204102
   -6.271999836    7.036654472
   -6.251999855    8.101758957
   -6.231999874    9.052857399
   -6.211999893    9.815959930
   -6.191999912   10.347003937
   -6.171999931   10.646067619
   -6.151999950   10.669382095
   -6.131999969   10.485792160
   -6.111999989   10.163212776
   -6.092000008    9.756926537
   -6.072000027    9.322575569
   -6.052000046    8.884535789
   -6.032000065    8.464306831
   -6.012000084    8.055911064
   -5.992000103    7.642930031
   -5.972000122    7.210315228
   -5.952000141    6.742272854
   -5.932000160    6.255622864
   -5.912000179    5.752048492
   -5.892000198    5.252889156
   -5.872000217    4.791837692
   -5.852000237    4.391425133
   -5.831999779    4.076626301
   -5.811999798    3.866279364
   -5.791999817    3.783380032
   -5.771999836    3.852415085
   -5.751999855    4.090291500
   -5.731999874    4.537650585
   -5.711999893    5.237503529
   -5.691999912    6.253416538
   -5.671999931    7.654903889
   -5.651999950    9.499197006
   -5.631999969   11.827734947
   -5.611999989   14.655553818
   -5.592000008   17.919420242
   -5.572000027   21.550840378
   -5.552000046   25.315975189
   -5.532000065   28.999925613
   -5.512000084   32.324176788
   -5.492000103   35.047080994
   -5.472000122   36.972431183
   -5.452000141   37.980865479
   -5.432000160   38.077560425
   -5.412000179   37.399051666
   -5.392000198   36.097400665
   -5.372000217   34.439369202
   -5.352000237   32.682422638
   -5.331999779   31.008308411
   -5.311999798   29.585739136
   -5.291999817   28.480539322
   -5.271999836   27.725881577
   -5.251999855   27.228075027
   -5.231999874   26.951334000
   -5.211999893   26.770158768
   -5.191999912   26.611419678
   -5.171999931   26.448333740
   -5.151999950   26.156099319
   -5.131999969   25.761617661
   -5.111999989   25.242532730
   -5.092000008   24.598758698
   -5.072000027   23.831817627
   -5.052000046   22.932754517
   -5.032000065   21.889883041
   -5.012000084   20.686412811
   -4.992000103   19.327690125
   -4.972000122   17.792963028
   -4.952000141   16.086517334
   -4.932000160   14.254701614
   -4.912000179   12.352012634
   -4.892000198   10.460550308
   -4.872000217    8.646749496
   -4.852000237    6.977526665
   -4.831999779    5.503194809
   -4.811999798    4.259685993
   -4.791999817    3.244069338
   -4.771999836    2.447965145
   -4.751999855    1.845313191
   -4.731999874    1.403303623
   -4.711999893    1.085717678
   -4.691999912    0.862969339
   -4.671999931    0.710070312
   -4.651999950    0.606272936
   -4.631999969    0.537190974
   -4.611999989    0.491645455
   -4.592000008    0.461734325
   -4.572000027    0.441524684
   -4.552000046    0.426202297
   -4.532000065    0.412152648
   -4.512000084    0.397144347
   -4.492000103    0.379585892
   -4.472000122    0.359933048
   -4.452000141    0.337809265
   -4.432000160    0.314410508
   -4.412000179    0.291078269
   -4.392000198    0.268762827
   -4.372000217    0.248190299
   -4.352000237    0.229937509
   -4.331999779    0.213776320
   -4.311999798    0.199586004
   -4.291999817    0.186992005
   -4.271999836    0.175603062
   -4.251999855    0.165277243
   -4.231999874    0.155993983
   -4.211999893    0.147974148
   -4.191999912    0.141660303
   -4.171999931    0.137440577
   -4.151999950    0.135742322
   -4.131999969    0.136801392
   -4.111999989    0.140485093
   -4.092000008    0.146418586
   -4.072000027    0.153775692
   -4.052000046    0.161527827
   -4.032000065    0.168562487
   -4.012000084    0.173739493
   -3.992000103    0.176211730
   -3.971999884    0.175689965
   -3.951999903    0.172422767
   -3.931999922    0.167114809
   -3.911999941    0.161242366
   -3.891999960    0.156282827
   -3.871999979    0.154114589
   -3.851999998    0.156265706
   -3.832000017    0.164149240
   -3.812000036    0.178635284
   -3.792000055    0.200564817
   -3.772000074    0.230628923
   -3.752000093    0.270382375
   -3.732000113    0.322293937
   -3.711999893    0.390958369
   -3.691999912    0.482624084
   -3.671999931    0.607210755
   -3.651999950    0.777238488
   -3.631999969    1.007785559
   -3.611999989    1.315145850
   -3.592000008    1.717935920
   -3.572000027    2.225243807
   -3.552000046    2.849725962
   -3.532000065    3.589145184
   -3.512000084    4.441939831
   -3.492000103    5.387284756
   -3.471999884    6.401216984
   -3.451999903    7.449275494
   -3.431999922    8.498614311
   -3.411999941    9.501326561
   -3.391999960   10.413625717
   -3.371999979   11.192234039
   -3.351999998   11.774430275
   -3.332000017   12.126628876
   -3.312000036   12.208465576
   -3.292000055   11.982383728
   -3.272000074   11.450889587
   -3.252000093   10.611653328
   -3.232000113    9.528961182
   -3.211999893    8.283402443
   -3.191999912    6.942481995
   -3.171999931    5.615871906
   -3.151999950    4.363939762
   -3.131999969    3.273066998
   -3.111999989    2.360173941
   -3.092000008    1.638543606
   -3.072000027    1.095972538
   -3.052000046    0.711443365
   -3.032000065    0.450253487
   -3.012000084    0.282054037
   -2.992000103    0.178028330
   -2.971999884    0.116057970
   -2.951999903    0.079712741
   -2.931999922    0.058040328
   -2.911999941    0.044261448
   -2.891999960    0.034548786
   -2.871999979    0.026932580
   -2.851999998    0.020618949
   -2.832000017    0.015355346
   -2.812000036    0.011036414
   -2.792000055    0.007641215
   -2.772000074    0.005094400
   -2.752000093    0.003295011
   -2.732000113    0.002119615
   -2.711999893    0.001448598
   -2.691999912    0.001201369
   -2.671999931    0.001332310
   -2.651999950    0.001848926
   -2.631999969    0.002796802
   -2.611999989    0.004243619
   -2.592000008    0.006262282
   -2.572000027    0.008896747
   -2.552000046    0.012119685
   -2.532000065    0.015827261
   -2.512000084    0.019819641
   -2.492000103    0.023781840
   -2.471999884    0.027394585
   -2.451999903    0.030343849
   -2.431999922    0.032346230
   -2.411999941    0.033420529
   -2.391999960    0.033721287
   -2.371999979    0.033673581
   -2.351999998    0.033968002
   -2.332000017    0.035422474
   -2.312000036    0.039021738
   -2.292000055    0.045725506
   -2.272000074    0.056483604
   -2.252000093    0.072293550
   -2.232000113    0.094248116
   -2.211999893    0.123782516
   -2.191999912    0.163277239
   -2.171999931    0.217127800
   -2.151999950    0.291919440
   -2.131999969    0.398519725
   -2.111999989    0.553207040
   -2.092000008    0.777932405
   -2.072000027    1.101286888
   -2.052000046    1.555980444
   -2.032000065    2.174256563
   -2.012000084    2.987786293
   -1.991999984    4.014621735
   -1.972000003    5.250960827
   -1.952000022    6.662102699
   -1.932000041    8.190052986
   -1.911999941    9.736701012
   -1.891999960   11.184845924
   -1.871999979   12.410786629
   -1.851999998   13.283326149
   -1.832000017   13.732454300
   -1.812000036   13.693073273
   -1.792000055   13.175487518
   -1.771999955   12.236694336
   -1.751999974   10.973086357
   -1.731999993    9.503883362
   -1.712000012    7.963474274
   -1.692000031    6.455967903
   -1.672000051    5.075468063
   -1.651999950    3.879879951
   -1.631999969    2.895710945
   -1.611999989    2.124260426
   -1.592000008    1.547769785
   -1.572000027    1.135676861
   -1.552000046    0.853525281
   -1.531999946    0.668188453
   -1.511999965    0.550299227
   -1.491999984    0.475133270
   -1.472000003    0.425390601
   -1.452000022    0.389532447
   -1.432000041    0.359831095
   -1.411999941    0.333107412
   -1.391999960    0.308434039
   -1.371999979    0.285392731
   -1.351999998    0.264844090
   -1.332000017    0.246928155
   -1.312000036    0.231444821
   -1.292000055    0.218373686
   -1.271999955    0.207265407
   -1.251999974    0.198031083
   -1.231999993    0.190754175
   -1.212000012    0.185671225
   -1.192000031    0.183155075
   -1.172000051    0.183650166
   -1.151999950    0.187368259
   -1.131999969    0.194409132
   -1.111999989    0.204392374
   -1.092000008    0.216762871
   -1.072000027    0.230757803
   -1.052000046    0.245583981
   -1.031999946    0.260551035
   -1.011999965    0.275286287
   -0.991999984    0.289618105
   -0.972000003    0.303819716
   -0.952000022    0.318045884
   -0.931999981    0.332878768
   -0.912000000    0.348405212
   -0.892000020    0.364608437
   -0.871999979    0.381356657
   -0.851999998    0.397712916
   -0.832000017    0.414052486
   -0.811999977    0.428786278
   -0.791999996    0.442516267
   -0.772000015    0.455401480
   -0.751999974    0.467775047
   -0.731999993    0.481501937
   -0.712000012    0.496068656
   -0.691999972    0.513134539
   -0.671999991    0.532504737
   -0.652000010    0.555335879
   -0.632000029    0.581525862
   -0.611999989    0.613203406
   -0.592000008    0.652905345
   -0.572000027    0.704599261
   -0.551999986    0.773619115
   -0.532000005    0.867488146
   -0.512000024    0.995570898
   -0.492000014    1.167726874
   -0.472000003    1.394340515
   -0.451999992    1.685400963
   -0.432000011    2.048453569
   -0.412000000    2.487869024
   -0.391999990    2.999193430
   -0.372000009    3.572060585
   -0.351999998    4.183236599
   -0.331999987    4.807188988
   -0.312000006    5.396322250
   -0.291999996    5.912936211
   -0.272000015    6.313303947
   -0.252000004    6.568829060
   -0.231999993    6.652441978
   -0.211999997    6.581253529
   -0.192000002    6.365367413
   -0.172000006    6.055703163
   -0.151999995    5.713164806
   -0.131999999    5.400559425
   -0.112000003    5.186695576
   -0.092000000    5.109281063
   -0.071999997    5.219411850
   -0.052000001    5.526581764
   -0.032000002    6.023684978
   -0.012000000    6.693922520
    0.008000000    7.497162342
    0.028000001    8.394239426
    0.048000000    9.333637238
    0.068000004   10.278091431
    0.088000000   11.194432259
    0.108000003   12.057124138
    0.128000006   12.865328789
    0.148000002   13.606116295
    0.167999998   14.303737640
    0.187999994   14.979059219
    0.208000004   15.667309761
    0.228000000   16.334808350
    0.247999996   16.964529037
    0.268000007   17.525346756
    0.287999988   17.917882919
    0.307999998   18.068937302
    0.328000009   17.862327576
    0.347999990   17.315042496
    0.368000001   16.317588806
    0.388000011   14.959070206
    0.407999992   13.301569939
    0.428000003   11.475398064
    0.448000014    9.586625099
    0.467999995    7.764256001
    0.488000005    6.105078697
    0.508000016    4.676858425
    0.527999997    3.503362894
    0.547999978    2.582548380
    0.568000019    1.888805509
    0.588000000    1.383280516
    0.607999980    1.025785327
    0.628000021    0.778503358
    0.648000002    0.609082937
    0.667999983    0.492146373
    0.688000023    0.410912246
    0.708000004    0.352121949
    0.727999985    0.308179975
    0.748000026    0.274033606
    0.768000007    0.246002972
    0.787999988    0.222459540
    0.808000028    0.202662423
    0.828000009    0.186041579
    0.847999990    0.172537819
    0.867999971    0.162263796
    0.888000011    0.155312210
    0.907999992    0.151712775
    0.927999973    0.151236400
    0.948000014    0.153569356
    0.967999995    0.158303455
    0.987999976    0.164808452
    1.008000016    0.172609597
    1.027999997    0.181229919
    1.047999978    0.190394968
    1.067999959    0.199668303
    1.088000059    0.208976492
    1.108000040    0.218286023
    1.128000021    0.227197289
    1.148000002    0.236045659
    1.167999983    0.245370150
    1.187999964    0.256180197
    1.207999945    0.270708650
    1.228000045    0.292898059
    1.248000026    0.329160631
    1.268000007    0.389322937
    1.287999988    0.487013519
    1.307999969    0.642251134
    1.327999949    0.878904343
    1.348000050    1.229360938
    1.368000031    1.729626060
    1.388000011    2.418570995
    1.407999992    3.338690519
    1.427999973    4.525470734
    1.447999954    6.005759239
    1.468000054    7.775490284
    1.488000035    9.816320419
    1.508000016   12.062246323
    1.527999997   14.411114693
    1.547999978   16.726184845
    1.567999959   18.847206116
    1.588000059   20.572700500
    1.608000040   21.812744141
    1.628000021   22.369384766
    1.648000002   22.303289413
    1.667999983   21.540159225
    1.687999964   20.268260956
    1.707999945   18.563852310
    1.728000045   16.612297058
    1.748000026   14.597819328
    1.768000007   12.659586906
    1.787999988   10.892380714
    1.807999969    9.364688873
    1.827999949    8.084158897
    1.848000050    7.049755573
    1.868000031    6.236234188
    1.888000011    5.617979527
    1.907999992    5.179685593
    1.927999973    4.914300919
    1.947999954    4.817690372
    1.968000054    4.907219410
    1.988000035    5.197540760
    2.007999897    5.692469120
    2.028000116    6.421741009
    2.048000097    7.353772163
    2.068000078    8.463779449
    2.088000059    9.710157394
    2.108000040   11.021678925
    2.128000021   12.329612732
    2.148000002   13.528656960
    2.167999983   14.520692825
    2.187999964   15.244570732
    2.207999945   15.642638206
    2.227999926   15.717458725
    2.247999907   15.485082626
    2.267999887   15.031549454
    2.288000107   14.450003624
    2.308000088   13.838670731
    2.328000069   13.283601761
    2.348000050   12.876830101
    2.368000031   12.602466583
    2.388000011   12.461279869
    2.407999992   12.380430222
    2.427999973   12.293911934
    2.447999954   12.122250557
    2.467999935   11.790558815
    2.487999916   11.281448364
    2.507999897   10.590918541
    2.528000116    9.765809059
    2.548000097    8.861068726
    2.568000078    7.939860344
    2.588000059    7.075221062
    2.608000040    6.313498974
    2.628000021    5.683730125
    2.648000002    5.208099365
    2.667999983    4.885330677
    2.687999964    4.705509186
    2.707999945    4.654579163
    2.727999926    4.710761070
    2.747999907    4.854899406
    2.767999887    5.059651852
    2.788000107    5.298668385
    2.808000088    5.537460804
    2.828000069    5.748749733
    2.848000050    5.894227982
    2.868000031    5.956880093
    2.888000011    5.911970139
    2.907999992    5.762830734
    2.927999973    5.500660896
    2.947999954    5.149559498
    2.967999935    4.716789246
    2.987999916    4.233649254
    3.007999897    3.730070114
    3.028000116    3.226150513
    3.048000097    2.739510536
    3.068000078    2.287690163
    3.088000059    1.877817392
    3.108000040    1.517198801
    3.128000021    1.204634190
    3.148000002    0.941038907
    3.167999983    0.722528934
    3.187999964    0.543580055
    3.207999945    0.400984943
    3.227999926    0.289037019
    3.247999907    0.203627989
    3.267999887    0.139604405
    3.288000107    0.093077712
    3.308000088    0.060249999
    3.328000069    0.037762098
    3.348000050    0.022878198
    3.368000031    0.013391630
    3.388000011    0.007553870
    3.407999992    0.004109270
    3.427999973    0.002151680
    3.447999954    0.001083298
    3.467999935    0.000524509
    3.487999916    0.000243928
    3.507999897    0.000108878
    3.528000116    0.000046669
    3.548000097    0.000019194
