# E (eV)  pdos(E) 
  -24.093999863    0.001577115
  -24.073999405    0.003819759
  -24.054000854    0.008861546
  -24.034000397    0.019736886
  -24.013999939    0.042123266
  -23.993999481    0.086303674
  -23.974000931    0.169381320
  -23.954000473    0.319100052
  -23.934000015    0.576731324
  -23.913999557    0.999714196
  -23.893999100    1.664714098
  -23.874000549    2.656195641
  -23.854000092    4.069506645
  -23.833999634    5.987469673
  -23.813999176    8.454648972
  -23.794000626   11.456405640
  -23.774000168   14.905154228
  -23.753999710   18.648399353
  -23.733999252   22.379991531
  -23.714000702   25.817605972
  -23.694000244   28.590532303
  -23.673999786   30.419113159
  -23.653999329   31.108135223
  -23.634000778   30.546327591
  -23.614000320   28.860187531
  -23.593999863   26.184316635
  -23.573999405   22.811813354
  -23.554000854   19.129791260
  -23.534000397   15.413519859
  -23.513999939   11.931536674
  -23.493999481    8.881772041
  -23.474000931    6.349685669
  -23.454000473    4.363281250
  -23.434000015    2.883376598
  -23.413999557    1.829680562
  -23.393999100    1.115235209
  -23.374000549    0.652885497
  -23.354000092    0.367305130
  -23.333999634    0.198306426
  -23.313999176    0.102918483
  -23.294000626    0.051276255
  -23.274000168    0.024511274
  -23.253999710    0.011244049
  -23.233999252    0.004953397
  -23.214000702    0.002095373
  -23.194000244    0.000849653
  -23.173999786    0.000330450
  -23.153999329    0.000123367
  -23.134000778    0.000044204
  -23.114000320    0.000015306
  -23.093999863    0.000005468
  -23.073999405    0.000003120
  -23.054000854    0.000005269
  -23.034000397    0.000014403
  -23.013999939    0.000040678
  -22.993999481    0.000110848
  -22.974000931    0.000289373
  -22.954000473    0.000724011
  -22.934000015    0.001735140
  -22.913999557    0.003979391
  -22.893999100    0.008750530
  -22.874000549    0.018404020
  -22.854000092    0.037113927
  -22.833999634    0.071648546
  -22.813999176    0.132590026
  -22.794000626    0.234605685
  -22.774000168    0.397743523
  -22.753999710    0.646277964
  -22.733999252    1.005112767
  -22.714000702    1.496707797
  -22.694000244    2.136543512
  -22.673999786    2.918335199
  -22.653999329    3.818756580
  -22.634000778    4.785709381
  -22.614000320    5.746490479
  -22.593999863    6.604053497
  -22.573999405    7.267303944
  -22.554000854    7.662666321
  -22.534000397    7.737062931
  -22.513999939    7.484549999
  -22.493999481    6.930489063
  -22.474000931    6.148554802
  -22.454000473    5.229292870
  -22.434000015    4.263514042
  -22.413999557    3.334264994
  -22.393999100    2.515162468
  -22.374000549    1.843861818
  -22.354000092    1.336023092
  -22.333999634    0.995387673
  -22.313999176    0.807494640
  -22.294000626    0.756014526
  -22.274000168    0.823900342
  -22.253999710    0.996243000
  -22.233999252    1.262198567
  -22.214000702    1.615426660
  -22.194000244    2.052622557
  -22.173999786    2.576178551
  -22.153999329    3.193626404
  -22.134000778    3.909442186
  -22.114000320    4.733964920
  -22.093999863    5.671401501
  -22.073999405    6.715343952
  -22.054000854    7.842409611
  -22.034000397    9.001197815
  -22.013999939   10.131151199
  -21.993999481   11.149335861
  -21.974000931   11.965817451
  -21.954000473   12.492280960
  -21.934000015   12.665536880
  -21.913999557   12.458699226
  -21.893999100   11.884777069
  -21.874000549   10.985960960
  -21.854000092    9.853524208
  -21.833999634    8.585124969
  -21.813999176    7.275105476
  -21.794000626    6.019351959
  -21.774000168    4.885592937
  -21.753999710    3.919414520
  -21.733999252    3.143455982
  -21.714000702    2.566070557
  -21.694000244    2.176872730
  -21.673999786    1.961504936
  -21.653999329    1.900855660
  -21.634000778    1.973253846
  -21.614000320    2.157763958
  -21.593999863    2.429945946
  -21.573999405    2.768002748
  -21.554000854    3.149429560
  -21.534000397    3.550310850
  -21.513999939    3.953301907
  -21.493999481    4.343126297
  -21.474000931    4.704091549
  -21.454000473    5.024308681
  -21.434000015    5.294503212
  -21.413999557    5.505272388
  -21.393999100    5.641877651
  -21.374000549    5.693708420
  -21.354000092    5.648690701
  -21.333999634    5.502191544
  -21.313999176    5.266432285
  -21.294000626    4.931489944
  -21.274000168    4.528938770
  -21.253999710    4.075958729
  -21.233999252    3.599942684
  -21.214000702    3.127431631
  -21.194000244    2.680903196
  -21.173999786    2.274528503
  -21.153999329    1.918487191
  -21.134000778    1.617968440
  -21.114000320    1.369179964
  -21.093999863    1.166911244
  -21.073999405    1.004465938
  -21.054000854    0.875233054
  -21.034000397    0.773689985
  -21.013999939    0.694591045
  -20.993999481    0.634061217
  -20.974000931    0.588726163
  -20.954000473    0.556258857
  -20.934000015    0.533684790
  -20.913999557    0.519159138
  -20.893999100    0.511228144
  -20.874000549    0.508938134
  -20.854000092    0.511765003
  -20.833999634    0.520563006
  -20.813999176    0.537241042
  -20.794000626    0.564989984
  -20.774000168    0.608392894
  -20.753999710    0.675168037
  -20.733999252    0.774806857
  -20.714000702    0.919633925
  -20.694000244    1.127783775
  -20.673999786    1.417147160
  -20.653999329    1.807953477
  -20.634000778    2.321097851
  -20.614000320    2.973034143
  -20.593999863    3.772393703
  -20.573999405    4.720703602
  -20.554000854    5.805033684
  -20.534000397    7.003043652
  -20.513999939    8.280880928
  -20.493999481    9.602803230
  -20.474000931   10.932731628
  -20.454000473   12.216277122
  -20.434000015   13.419144630
  -20.413999557   14.491323471
  -20.393999100   15.382070541
  -20.374000549   16.036529541
  -20.354000092   16.397867203
  -20.333999634   16.420894623
  -20.313999176   16.058528900
  -20.294000626   15.325963020
  -20.274000168   14.260843277
  -20.253999710   12.943334579
  -20.233999252   11.483688354
  -20.214000702   10.012825012
  -20.194000244    8.667521477
  -20.173999786    7.558061123
  -20.153999329    6.766003609
  -20.134000778    6.328296185
  -20.114000320    6.235045433
  -20.093999863    6.431848526
  -20.073999405    6.831820011
  -20.054000854    7.312455177
  -20.034000397    7.755163670
  -20.013999939    8.043083191
  -19.993999481    8.103364944
  -19.974000931    7.883072853
  -19.954000473    7.388955593
  -19.934000015    6.657998085
  -19.913999557    5.765593529
  -19.893999100    4.798662663
  -19.874000549    3.835926056
  -19.854000092    2.948539019
  -19.833999634    2.180536270
  -19.813999176    1.556566954
  -19.794000626    1.076265097
  -19.774000168    0.725370944
  -19.753999710    0.481414080
  -19.733999252    0.319980711
  -19.714000702    0.217870280
  -19.694000244    0.156066924
  -19.673999786    0.120145008
  -19.653999329    0.099866800
  -19.634000778    0.088694125
  -19.614000320    0.082414180
  -19.593999863    0.078672677
  -19.573999405    0.076209299
  -19.554000854    0.074251093
  -19.534000397    0.072341800
  -19.513999939    0.070332497
  -19.493999481    0.068029225
  -19.474000931    0.065407693
  -19.454000473    0.062392008
  -19.434000015    0.059044309
  -19.413999557    0.055504203
  -19.393999100    0.051875610
  -19.374000549    0.048342794
  -19.354000092    0.045093197
  -19.333999634    0.042270806
  -19.313999176    0.040006913
  -19.294000626    0.038368292
  -19.274000168    0.037386503
  -19.253999710    0.037029002
  -19.233999252    0.037249491
  -19.214000702    0.037938595
  -19.194000244    0.038974095
  -19.173999786    0.040217705
  -19.153999329    0.041521002
  -19.134000778    0.042749401
  -19.114000320    0.043764908
  -19.093999863    0.044476703
  -19.073999405    0.044804897
  -19.054000854    0.044735890
  -19.034000397    0.044281397
  -19.013999939    0.043499403
  -18.993999481    0.042479303
  -18.974000931    0.041336790
  -18.954000473    0.040187400
  -18.934000015    0.039165992
  -18.913999557    0.038388196
  -18.893999100    0.037952799
  -18.874000549    0.037929695
  -18.854000092    0.038347099
  -18.833999634    0.039212409
  -18.813999176    0.040467303
  -18.794000626    0.042062785
  -18.774000168    0.043857988
  -18.753999710    0.045791108
  -18.733999252    0.047720898
  -18.714000702    0.049547400
  -18.694000244    0.051249094
  -18.673999786    0.052777488
  -18.653999329    0.054219794
  -18.634000778    0.055656802
  -18.614000320    0.057274200
  -18.593999863    0.059356708
  -18.573999405    0.062228803
  -18.554000854    0.066355996
  -18.534000397    0.072372124
  -18.513999939    0.081291072
  -18.493999481    0.094687313
  -18.474000931    0.114858016
  -18.454000473    0.145833164
  -18.434000015    0.193680003
  -18.413999557    0.267495424
  -18.393999100    0.380198419
  -18.374000549    0.548157215
  -18.354000092    0.793008983
  -18.333999634    1.136088252
  -18.313999176    1.597030759
  -18.294000626    2.190169573
  -18.274000168    2.911612272
  -18.253999710    3.745039463
  -18.233999252    4.646798611
  -18.214000702    5.553931713
  -18.194000244    6.382238865
  -18.173999786    7.056107521
  -18.153999329    7.490996838
  -18.134000778    7.644343376
  -18.114000320    7.496642590
  -18.093999863    7.076929569
  -18.073999405    6.426205635
  -18.054000854    5.644719601
  -18.034000397    4.819036484
  -18.013999939    4.054710388
  -17.993999481    3.434085846
  -17.974000931    3.025420904
  -17.954000473    2.876734972
  -17.934000015    3.003063440
  -17.913999557    3.398050785
  -17.893999100    4.025000572
  -17.874000549    4.822595119
  -17.854000092    5.702067375
  -17.833999634    6.562694550
  -17.813999176    7.292208195
  -17.794000626    7.805748940
  -17.774000168    8.018564224
  -17.753999710    7.912554741
  -17.733999252    7.498828888
  -17.714000702    6.837300777
  -17.694000244    6.018417835
  -17.673999786    5.150299549
  -17.653999329    4.350507736
  -17.634000778    3.719615221
  -17.614000320    3.349419117
  -17.593999863    3.302070141
  -17.573999405    3.624090433
  -17.554000854    4.332820415
  -17.534000397    5.425779343
  -17.513999939    6.879009724
  -17.493999481    8.637662888
  -17.474000931   10.637173653
  -17.454000473   12.783893585
  -17.434000015   14.986675262
  -17.413999557   17.142143250
  -17.393999100   19.160711288
  -17.374000549   20.959260941
  -17.354000092   22.448312759
  -17.333999634   23.588582993
  -17.313999176   24.304121017
  -17.294000626   24.586151123
  -17.274000168   24.403705597
  -17.253999710   23.790477753
  -17.233999252   22.818561554
  -17.214000702   21.592245102
  -17.194000244   20.247526169
  -17.173999786   18.934316635
  -17.153999329   17.781908035
  -17.134000778   16.880598068
  -17.114000320   16.276485443
  -17.093999863   15.926379204
  -17.073999405   15.765438080
  -17.054000854   15.657052994
  -17.034000397   15.489432335
  -17.013999939   15.127086639
  -16.993999481   14.501073837
  -16.974000931   13.573233604
  -16.954000473   12.366069794
  -16.934000015   10.927053452
  -16.913999557    9.351371765
  -16.893999100    7.739362240
  -16.874000549    6.186142921
  -16.854000092    4.772426605
  -16.833999634    3.551764965
  -16.813999176    2.547220469
  -16.794000626    1.761442900
  -16.774000168    1.175338268
  -16.753999710    0.758038938
  -16.733999252    0.473633438
  -16.714000702    0.288415134
  -16.694000244    0.172733009
  -16.673999786    0.103364110
  -16.653999329    0.063213296
  -16.634000778    0.040848896
  -16.614000320    0.029019296
  -16.593999863    0.023738893
  -16.573999405    0.023302995
  -16.554000854    0.028007297
  -16.534000397    0.040049400
  -16.513999939    0.064058013
  -16.493999481    0.107606910
  -16.474000931    0.182249665
  -16.454000473    0.304129064
  -16.434000015    0.493806332
  -16.413999557    0.775213480
  -16.393999100    1.172170877
  -16.374000549    1.705729723
  -16.354000092    2.384444714
  -16.333999634    3.199481010
  -16.313999176    4.119156361
  -16.294000626    5.088202953
  -16.274000168    6.030231476
  -16.253999710    6.856211662
  -16.233999252    7.483690262
  -16.214000702    7.855333328
  -16.194000244    7.946331978
  -16.173999786    7.778396606
  -16.153999329    7.419076920
  -16.134000778    6.997778416
  -16.114000320    6.629050255
  -16.093999863    6.472414970
  -16.073999405    6.637357235
  -16.054000854    7.196375847
  -16.034000397    8.177355766
  -16.013999939    9.503338814
  -15.994000435   11.060606956
  -15.973999977   12.672121048
  -15.954000473   14.129376411
  -15.934000015   15.221914291
  -15.913999557   15.784978867
  -15.894000053   15.728646278
  -15.873999596   15.049761772
  -15.854000092   13.803644180
  -15.833999634   12.144448280
  -15.814000130   10.239654541
  -15.793999672    8.281878471
  -15.774000168    6.426568508
  -15.753999710    4.785076141
  -15.734000206    3.419540405
  -15.713999748    2.349042177
  -15.694000244    1.553236604
  -15.673999786    0.992160559
  -15.654000282    0.614614427
  -15.633999825    0.372678787
  -15.614000320    0.224255592
  -15.593999863    0.136817560
  -15.574000359    0.087183900
  -15.553999901    0.059800111
  -15.534000397    0.044950396
  -15.513999939    0.036919709
  -15.494000435    0.032482099
  -15.473999977    0.029919403
  -15.454000473    0.028342005
  -15.434000015    0.027285099
  -15.413999557    0.026506297
  -15.394000053    0.025896600
  -15.373999596    0.025397295
  -15.354000092    0.025026701
  -15.333999634    0.024823800
  -15.314000130    0.024909200
  -15.293999672    0.025551507
  -15.274000168    0.027273400
  -15.253999710    0.031075208
  -15.234000206    0.038905103
  -15.213999748    0.054151412
  -15.194000244    0.082493097
  -15.173999786    0.133163646
  -15.154000282    0.218845651
  -15.133999825    0.358229071
  -15.114000320    0.574033976
  -15.093999863    0.892140090
  -15.074000359    1.338169098
  -15.053999901    1.930981636
  -15.034000397    2.675159693
  -15.013999939    3.559021473
  -14.994000435    4.542779922
  -14.973999977    5.566740036
  -14.954000473    6.544885159
  -14.934000015    7.393508911
  -14.913999557    8.034235954
  -14.894000053    8.423991203
  -14.873999596    8.553434372
  -14.854000092    8.459218979
  -14.833999634    8.220670700
  -14.814000130    7.938618183
  -14.793999672    7.720049381
  -14.774000168    7.639462948
  -14.753999710    7.735407829
  -14.734000206    8.006560326
  -14.713999748    8.424790382
  -14.694000244    8.910539627
  -14.673999786    9.415246010
  -14.654000282    9.917260170
  -14.633999825   10.427597046
  -14.614000320   11.012901306
  -14.593999863   11.760499001
  -14.574000359   12.762299538
  -14.553999901   14.093800545
  -14.534000397   15.752099037
  -14.513999939   17.646501541
  -14.494000435   19.625200272
  -14.473999977   21.449802399
  -14.454000473   22.908203125
  -14.434000015   23.763004303
  -14.413999557   23.897691727
  -14.394000053   23.288450241
  -14.373999596   22.015281677
  -14.354000092   20.255764008
  -14.333999634   18.243011475
  -14.314000130   16.226976395
  -14.293999672   14.402490616
  -14.274000168   12.887798309
  -14.253999710   11.719938278
  -14.234000206   10.855719566
  -14.213999748   10.187546730
  -14.194000244    9.596976280
  -14.173999786    8.978220940
  -14.154000282    8.248239517
  -14.133999825    7.389555931
  -14.114000320    6.413327694
  -14.093999863    5.377828121
  -14.074000359    4.357611656
  -14.053999901    3.415995359
  -14.034000397    2.615842581
  -14.013999939    2.002305269
  -13.994000435    1.606159925
  -13.973999977    1.450212955
  -13.954000473    1.556381226
  -13.934000015    1.946049929
  -13.913999557    2.641924381
  -13.894000053    3.658692837
  -13.873999596    4.992895126
  -13.854000092    6.611005306
  -13.833999634    8.431752205
  -13.814000130   10.341072083
  -13.793999672   12.162385941
  -13.774000168   13.734663010
  -13.753999710   14.870716095
  -13.734000206   15.449897766
  -13.713999748   15.394081116
  -13.694000244   14.734418869
  -13.673999786   13.534261703
  -13.654000282   11.981024742
  -13.633999825   10.251629829
  -13.614000320    8.557843208
  -13.593999863    7.069935322
  -13.574000359    5.924033165
  -13.553999901    5.205728531
  -13.534000397    4.941095829
  -13.513999939    5.107514381
  -13.494000435    5.636954784
  -13.473999977    6.439340591
  -13.454000473    7.393861294
  -13.434000015    8.392934799
  -13.413999557    9.337777138
  -13.394000053   10.154449463
  -13.373999596   10.800911903
  -13.354000092   11.254570007
  -13.333999634   11.531032562
  -13.314000130   11.631147385
  -13.293999672   11.567584991
  -13.274000168   11.343304634
  -13.253999710   10.947765350
  -13.234000206   10.378570557
  -13.213999748    9.635879517
  -13.194000244    8.735623360
  -13.173999786    7.719769001
  -13.154000282    6.643029213
  -13.133999825    5.574247837
  -13.114000320    4.571430683
  -13.093999863    3.688908339
  -13.074000359    2.952920675
  -13.053999901    2.375864267
  -13.034000397    1.951228738
  -13.013999939    1.663154125
  -12.994000435    1.492209077
  -12.973999977    1.422547102
  -12.954000473    1.444224238
  -12.934000015    1.557206511
  -12.913999557    1.768549800
  -12.894000053    2.090562344
  -12.873999596    2.533627987
  -12.854000092    3.100808382
  -12.833999634    3.782760143
  -12.814000130    4.550810337
  -12.793999672    5.350240231
  -12.774000168    6.120978832
  -12.753999710    6.785149097
  -12.734000206    7.271019459
  -12.713999748    7.527850151
  -12.694000244    7.529069901
  -12.673999786    7.281188965
  -12.654000282    6.825849533
  -12.633999825    6.226409912
  -12.614000320    5.569639206
  -12.593999863    4.947699547
  -12.574000359    4.435230255
  -12.553999901    4.096079350
  -12.534000397    3.978949070
  -12.513999939    4.110640049
  -12.494000435    4.499929905
  -12.473999977    5.133282661
  -12.454000473    5.985401630
  -12.434000015    7.013491154
  -12.413999557    8.156407356
  -12.394000053    9.328057289
  -12.373999596   10.458508492
  -12.354000092   11.438971519
  -12.333999634   12.187171936
  -12.314000130   12.641243935
  -12.293999672   12.751765251
  -12.274000168   12.521925926
  -12.253999710   11.973563194
  -12.234000206   11.195640564
  -12.213999748   10.272517204
  -12.194000244    9.317598343
  -12.173999786    8.441754341
  -12.154000282    7.744997501
  -12.133999825    7.294640064
  -12.114000320    7.138378620
  -12.093999863    7.292650223
  -12.074000359    7.756970406
  -12.053999901    8.493200302
  -12.034000397    9.478689194
  -12.013999939   10.664432526
  -11.994000435   12.011649132
  -11.973999977   13.465379715
  -11.954000473   14.965547562
  -11.934000015   16.419555664
  -11.913999557   17.730834961
  -11.894000053   18.775957108
  -11.873999596   19.429782867
  -11.854000092   19.593088150
  -11.833999634   19.193014145
  -11.814000130   18.229648590
  -11.793999672   16.767036438
  -11.774000168   14.919356346
  -11.753999710   12.840020180
  -11.734000206   10.707965851
  -11.713999748    8.675667763
  -11.694000244    6.860308647
  -11.673999786    5.334072113
  -11.654000282    4.117298126
  -11.633999825    3.203928232
  -11.614000320    2.541409969
  -11.593999863    2.083357096
  -11.574000359    1.774254441
  -11.553999901    1.569240093
  -11.534000397    1.438083410
  -11.513999939    1.362217069
  -11.494000435    1.335326076
  -11.473999977    1.358464241
  -11.454000473    1.436505318
  -11.434000015    1.572388053
  -11.413999557    1.765622020
  -11.394000053    2.012099028
  -11.373999596    2.297180891
  -11.354000092    2.612051487
  -11.333999634    2.933676004
  -11.314000130    3.248274326
  -11.293999672    3.542090178
  -11.274000168    3.795075417
  -11.253999710    4.009514809
  -11.234000206    4.175958633
  -11.213999748    4.289827824
  -11.194000244    4.349091053
  -11.173999786    4.365553379
  -11.154000282    4.331954479
  -11.133999825    4.262589455
  -11.114000320    4.173892021
  -11.093999863    4.081226826
  -11.074000359    4.001696587
  -11.053999901    3.969030142
  -11.034000397    4.018067360
  -11.013999939    4.180784702
  -10.994000435    4.495688438
  -10.973999977    5.003508568
  -10.954000473    5.742171288
  -10.934000015    6.737459183
  -10.913999557    8.004559517
  -10.894000053    9.521594048
  -10.873999596   11.241806984
  -10.854000092   13.072002411
  -10.833999634   14.888942719
  -10.814000130   16.557556152
  -10.793999672   17.896617889
  -10.774000168   18.785888672
  -10.753999710   19.135099411
  -10.734000206   18.900054932
  -10.713999748   18.091978073
  -10.694000244   16.813268661
  -10.673999786   15.200946808
  -10.654000282   13.386820793
  -10.633999825   11.553805351
  -10.614000320    9.835630417
  -10.593999863    8.359022141
  -10.574000359    7.213489532
  -10.553999901    6.463738918
  -10.534000397    6.137610435
  -10.513999939    6.262148857
  -10.494000435    6.834600449
  -10.473999977    7.833372593
  -10.454000473    9.218823433
  -10.434000015   10.939431190
  -10.413999557   12.900541306
  -10.394000053   14.986491203
  -10.373999596   17.095357895
  -10.354000092   19.087791443
  -10.333999634   20.887559891
  -10.314000130   22.409130096
  -10.293999672   23.597463608
  -10.274000168   24.450231552
  -10.253999710   24.946098328
  -10.234000206   25.088760376
  -10.213999748   24.848178864
  -10.194000244   24.241796494
  -10.173999786   23.241260529
  -10.154000282   21.877000809
  -10.133999825   20.206769943
  -10.114000320   18.311609268
  -10.093999863   16.307998657
  -10.074000359   14.332042694
  -10.053999901   12.532597542
  -10.034000397   11.023377419
  -10.013999939    9.916298866
   -9.994000435    9.281759262
   -9.973999977    9.149178505
   -9.954000473    9.525289536
   -9.934000015   10.364324570
   -9.913999557   11.593028069
   -9.894000053   13.107449532
   -9.873999596   14.772710800
   -9.854000092   16.440811157
   -9.833999634   17.963228226
   -9.814000130   19.220876694
   -9.793999672   20.120450974
   -9.774000168   20.620912552
   -9.753999710   20.732456207
   -9.734000206   20.480554581
   -9.713999748   19.943441391
   -9.694000244   19.199211121
   -9.673999786   18.317724228
   -9.654000282   17.377971649
   -9.633999825   16.441326141
   -9.614000320   15.554301262
   -9.593999863   14.778515816
   -9.574000359   14.136148453
   -9.553999901   13.632349014
   -9.534000397   13.237761497
   -9.513999939   12.909100533
   -9.494000435   12.587918282
   -9.473999977   12.176774025
   -9.454000473   11.636830330
   -9.434000015   10.924159050
   -9.413999557   10.040981293
   -9.394000053    9.021220207
   -9.373999596    7.935300827
   -9.354000092    6.841176510
   -9.333999634    5.810700893
   -9.314000130    4.904572010
   -9.293999672    4.151969910
   -9.274000168    3.562470198
   -9.253999710    3.128232956
   -9.234000206    2.834471226
   -9.213999748    2.660222054
   -9.194000244    2.587935209
   -9.173999786    2.610863447
   -9.154000282    2.732506037
   -9.133999825    2.965354919
   -9.114000320    3.336555719
   -9.093999863    3.868710279
   -9.074000359    4.592848778
   -9.053999901    5.531734467
   -9.034000397    6.694484711
   -9.013999939    8.086632729
   -8.994000435    9.704720497
   -8.973999977   11.534552574
   -8.954000473   13.597987175
   -8.934000015   15.905465126
   -8.913999557   18.503837585
   -8.894000053   21.453710556
   -8.873999596   24.795631409
   -8.854000092   28.523380280
   -8.833999634   32.613994598
   -8.814000130   36.850643158
   -8.793999672   40.981605530
   -8.774000168   44.698238373
   -8.753999710   47.563117981
   -8.734000206   49.299434662
   -8.713999748   49.633304596
   -8.694000244   48.467178345
   -8.673999786   45.852561951
   -8.654000282   42.038143158
   -8.633999825   37.376819611
   -8.614000320   32.292598724
   -8.593999863   27.241493225
   -8.574000359   22.576139450
   -8.553999901   18.571228027
   -8.534000397   15.398903847
   -8.513999939   13.113526344
   -8.494000435   11.665259361
   -8.473999977   10.957463264
   -8.454000473   10.861432076
   -8.434000015   11.204419136
   -8.413999557   11.863982201
   -8.394000053   12.686790466
   -8.373999596   13.579787254
   -8.354000092   14.462123871
   -8.333999634   15.276249886
   -8.314000130   15.979682922
   -8.293999672   16.555564880
   -8.274000168   16.991783142
   -8.253999710   17.289207458
   -8.234000206   17.441698074
   -8.213999748   17.461622238
   -8.194000244   17.350704193
   -8.173999786   17.148698807
   -8.154000282   16.871112823
   -8.133999825   16.557498932
   -8.114000320   16.265661240
   -8.093999863   16.009750366
   -8.074000359   15.827919006
   -8.053999901   15.687274933
   -8.034000397   15.553691864
   -8.013999939   15.382229805
   -7.993999958   15.081094742
   -7.973999977   14.608969688
   -7.953999996   13.938613892
   -7.934000015   13.088527679
   -7.914000034   12.085565567
   -7.894000053   10.996550560
   -7.874000072    9.901684761
   -7.854000092    8.877726555
   -7.834000111    7.996972084
   -7.814000130    7.286152363
   -7.794000149    6.763081551
   -7.774000168    6.448899269
   -7.754000187    6.317714691
   -7.734000206    6.338038445
   -7.714000225    6.496841431
   -7.693999767    6.754759789
   -7.673999786    7.093028545
   -7.653999805    7.483532906
   -7.633999825    7.908212662
   -7.613999844    8.357853889
   -7.593999863    8.811160088
   -7.573999882    9.271182060
   -7.553999901    9.740029335
   -7.533999920   10.193675995
   -7.513999939   10.652000427
   -7.493999958   11.119804382
   -7.473999977   11.573099136
   -7.453999996   12.021513939
   -7.434000015   12.465686798
   -7.414000034   12.862428665
   -7.394000053   13.211675644
   -7.374000072   13.483573914
   -7.354000092   13.655329704
   -7.334000111   13.686541557
   -7.314000130   13.589584351
   -7.294000149   13.346935272
   -7.274000168   12.954258919
   -7.254000187   12.450664520
   -7.234000206   11.857219696
   -7.214000225   11.200542450
   -7.193999767   10.545125961
   -7.173999786    9.911540985
   -7.153999805    9.335104942
   -7.133999825    8.826163292
   -7.113999844    8.410975456
   -7.093999863    8.084593773
   -7.073999882    7.819327831
   -7.053999901    7.599292278
   -7.033999920    7.404225826
   -7.013999939    7.189138412
   -6.993999958    6.938342571
   -6.973999977    6.642883778
   -6.953999996    6.285710335
   -6.934000015    5.872866154
   -6.914000034    5.428927898
   -6.894000053    4.967452526
   -6.874000072    4.511980534
   -6.854000092    4.084984779
   -6.834000111    3.708168745
   -6.814000130    3.399555683
   -6.794000149    3.178107262
   -6.774000168    3.063507795
   -6.754000187    3.087615013
   -6.734000206    3.284773588
   -6.714000225    3.718089819
   -6.693999767    4.449789524
   -6.673999786    5.547339916
   -6.653999805    7.084572792
   -6.633999825    9.106450081
   -6.613999844   11.617569923
   -6.593999863   14.563579559
   -6.573999882   17.837030411
   -6.553999901   21.261381149
   -6.533999920   24.612228394
   -6.513999939   27.645395279
   -6.493999958   30.126470566
   -6.473999977   31.920858383
   -6.453999996   32.857975006
   -6.434000015   33.020389557
   -6.414000034   32.481418610
   -6.394000053   31.376075745
   -6.374000072   29.891138077
   -6.354000092   28.268821716
   -6.334000111   26.628868103
   -6.314000130   25.074401855
   -6.294000149   23.671794891
   -6.274000168   22.416719437
   -6.254000187   21.287500381
   -6.234000206   20.268028259
   -6.214000225   19.330600739
   -6.193999767   18.492341995
   -6.173999786   17.765510559
   -6.153999805   17.195690155
   -6.133999825   16.787572861
   -6.113999844   16.559417725
   -6.093999863   16.482721329
   -6.073999882   16.496049881
   -6.053999901   16.551738739
   -6.033999920   16.589378357
   -6.013999939   16.578376770
   -5.993999958   16.518072128
   -5.973999977   16.445173264
   -5.953999996   16.437692642
   -5.934000015   16.584569931
   -5.914000034   16.964263916
   -5.894000053   17.635482788
   -5.874000072   18.615232468
   -5.854000092   19.863895416
   -5.834000111   21.276103973
   -5.814000130   22.710338593
   -5.794000149   23.990543365
   -5.774000168   24.942319870
   -5.754000187   25.409124374
   -5.734000206   25.293626785
   -5.714000225   24.546901703
   -5.693999767   23.215570450
   -5.673999786   21.371599197
   -5.653999805   19.152547836
   -5.633999825   16.718261719
   -5.613999844   14.213128090
   -5.593999863   11.784047127
   -5.573999882    9.538414955
   -5.553999901    7.558973312
   -5.533999920    5.883888721
   -5.513999939    4.525500298
   -5.493999958    3.463119745
   -5.473999977    2.667357206
   -5.453999996    2.090282440
   -5.434000015    1.687756777
   -5.414000034    1.416259408
   -5.394000053    1.237361431
   -5.374000072    1.122818470
   -5.354000092    1.050888896
   -5.334000111    1.005277157
   -5.314000130    0.976861775
   -5.294000149    0.957544386
   -5.274000168    0.945600271
   -5.254000187    0.936959565
   -5.234000206    0.932269812
   -5.214000225    0.931891441
   -5.193999767    0.938264012
   -5.173999786    0.956586003
   -5.153999805    0.995336175
   -5.133999825    1.065409184
   -5.113999844    1.181964755
   -5.093999863    1.363830924
   -5.073999882    1.633698463
   -5.053999901    2.013343334
   -5.033999920    2.526730776
   -5.013999939    3.187911987
   -4.993999958    4.002368450
   -4.973999977    4.950549126
   -4.953999996    6.002131462
   -4.934000015    7.092094898
   -4.914000034    8.149426460
   -4.894000053    9.103219032
   -4.874000072    9.876592636
   -4.854000092   10.407714844
   -4.834000111   10.684760094
   -4.814000130   10.703964233
   -4.794000149   10.515463829
   -4.774000168   10.154869080
   -4.754000187    9.699060440
   -4.734000206    9.184876442
   -4.714000225    8.663181305
   -4.693999767    8.143477440
   -4.673999786    7.635703087
   -4.653999805    7.140001297
   -4.633999825    6.652038574
   -4.613999844    6.162905216
   -4.593999863    5.686943054
   -4.573999882    5.230785370
   -4.553999901    4.813996792
   -4.533999920    4.450514793
   -4.513999939    4.157545090
   -4.493999958    3.947774172
   -4.473999977    3.833564043
   -4.453999996    3.832144976
   -4.434000015    3.964625359
   -4.414000034    4.259098053
   -4.394000053    4.765166759
   -4.374000072    5.541553497
   -4.354000092    6.650855541
   -4.334000111    8.176115036
   -4.314000130   10.177886963
   -4.294000149   12.699552536
   -4.274000168   15.723198891
   -4.254000187   19.172088623
   -4.234000206   22.917125702
   -4.214000225   26.735012054
   -4.193999767   30.397012711
   -4.173999786   33.627044678
   -4.153999805   36.148189545
   -4.133999825   37.842517853
   -4.113999844   38.633377075
   -4.093999863   38.544277191
   -4.073999882   37.722835541
   -4.053999901   36.360771179
   -4.033999920   34.694946289
   -4.013999939   32.969089508
   -3.993999958   31.416875839
   -3.973999977   30.099946976
   -3.953999996   29.130638123
   -3.934000015   28.476230621
   -3.914000034   28.035600662
   -3.894000053   27.757301331
   -3.874000072   27.499624252
   -3.854000092   27.183057785
   -3.834000111   26.744001389
   -3.813999891   26.113246918
   -3.793999910   25.318866730
   -3.773999929   24.347490311
   -3.753999949   23.231548309
   -3.733999968   22.008018494
   -3.713999987   20.681980133
   -3.694000006   19.246395111
   -3.674000025   17.736892700
   -3.654000044   16.120542526
   -3.634000063   14.416907310
   -3.614000082   12.662960052
   -3.594000101   10.892092705
   -3.573999882    9.163749695
   -3.553999901    7.561139584
   -3.533999920    6.102375031
   -3.513999939    4.833432674
   -3.493999958    3.774156094
   -3.473999977    2.922825336
   -3.453999996    2.259515285
   -3.434000015    1.757495165
   -3.414000034    1.385352373
   -3.394000053    1.113847613
   -3.374000072    0.915532351
   -3.354000092    0.769423783
   -3.334000111    0.658678055
   -3.313999891    0.572626173
   -3.293999910    0.504194736
   -3.273999929    0.447533458
   -3.253999949    0.399608463
   -3.233999968    0.359229147
   -3.213999987    0.324618191
   -3.194000006    0.294982940
   -3.174000025    0.269702435
   -3.154000044    0.248438954
   -3.134000063    0.230987623
   -3.114000082    0.216756850
   -3.094000101    0.205850393
   -3.073999882    0.197889194
   -3.053999901    0.192640513
   -3.033999920    0.189605951
   -3.013999939    0.188216567
   -2.993999958    0.187750712
   -2.973999977    0.187324107
   -2.953999996    0.186134413
   -2.934000015    0.183532953
   -2.914000034    0.179149017
   -2.894000053    0.172951296
   -2.874000072    0.165037945
   -2.854000092    0.156061172
   -2.834000111    0.146678433
   -2.813999891    0.137687445
   -2.793999910    0.129734412
   -2.773999929    0.123400815
   -2.753999949    0.119106673
   -2.733999968    0.116954722
   -2.713999987    0.116938278
   -2.694000006    0.118903853
   -2.674000025    0.122621134
   -2.654000044    0.127942711
   -2.634000063    0.134931922
   -2.614000082    0.144153535
   -2.594000101    0.157120794
   -2.573999882    0.176751822
   -2.553999901    0.208213493
   -2.533999920    0.259976268
   -2.513999939    0.344941586
   -2.493999958    0.480441898
   -2.473999977    0.690012336
   -2.453999996    1.000262260
   -2.434000015    1.440146565
   -2.414000034    2.033576012
   -2.394000053    2.796154976
   -2.374000072    3.728601694
   -2.354000092    4.802977562
   -2.334000111    5.969049454
   -2.313999891    7.155843258
   -2.293999910    8.279501915
   -2.273999929    9.281270981
   -2.253999949   10.070156097
   -2.233999968   10.619870186
   -2.213999987   10.916458130
   -2.194000006   10.989107132
   -2.174000025   10.863973618
   -2.154000044   10.583168983
   -2.134000063   10.204466820
   -2.114000082    9.714457512
   -2.094000101    9.140599251
   -2.073999882    8.470167160
   -2.053999901    7.715977669
   -2.033999920    6.879400730
   -2.013999939    5.984180450
   -1.993999958    5.068729401
   -1.973999977    4.173773766
   -1.953999996    3.338531733
   -1.934000015    2.593101501
   -1.914000034    1.961457133
   -1.894000053    1.450338483
   -1.873999953    1.050610662
   -1.853999972    0.750014544
   -1.833999991    0.530891359
   -1.814000010    0.374655455
   -1.794000030    0.264510632
   -1.774000049    0.187175468
   -1.753999949    0.132703274
   -1.733999968    0.094368584
   -1.713999987    0.067397349
   -1.694000006    0.048638958
   -1.674000025    0.035986960
   -1.654000044    0.027795328
   -1.633999944    0.022765080
   -1.613999963    0.019816250
   -1.593999982    0.018186968
   -1.574000001    0.017118618
   -1.554000020    0.016186249
   -1.534000039    0.015141938
   -1.514000058    0.013859686
   -1.493999958    0.012357744
   -1.473999977    0.010802980
   -1.453999996    0.009340795
   -1.434000015    0.008133003
   -1.414000034    0.007319863
   -1.394000053    0.006982829
   -1.373999953    0.007129170
   -1.353999972    0.007700526
   -1.333999991    0.008589290
   -1.314000010    0.009622353
   -1.294000030    0.010631374
   -1.274000049    0.011452219
   -1.253999949    0.011951583
   -1.233999968    0.012105417
   -1.213999987    0.011955151
   -1.194000006    0.011663144
   -1.174000025    0.011478937
   -1.154000044    0.011703281
   -1.133999944    0.012738043
   -1.113999963    0.014954171
   -1.093999982    0.018650826
   -1.074000001    0.024028426
   -1.054000020    0.031201471
   -1.034000039    0.039945666
   -1.014000058    0.050033003
   -0.994000018    0.060922619
   -0.973999977    0.072274007
   -0.953999996    0.083839923
   -0.934000015    0.095825508
   -0.913999975    0.109346665
   -0.893999994    0.126621574
   -0.874000013    0.151591033
   -0.853999972    0.190318406
   -0.833999991    0.251973659
   -0.814000010    0.349773347
   -0.794000030    0.501059949
   -0.773999989    0.729534209
   -0.754000008    1.063887358
   -0.734000027    1.537020445
   -0.713999987    2.182542801
   -0.694000006    3.027882814
   -0.674000025    4.091238499
   -0.653999984    5.367602825
   -0.634000003    6.814571857
   -0.614000022    8.368543625
   -0.593999982    9.929315567
   -0.574000001   11.367082596
   -0.554000020   12.554347038
   -0.533999979   13.373301506
   -0.513999999   13.732547760
   -0.493999988   13.599078178
   -0.474000007   12.990598679
   -0.453999996   11.972612381
   -0.433999985   10.652815819
   -0.414000005    9.160614967
   -0.393999994    7.623814583
   -0.374000013    6.157912731
   -0.354000002    4.836112499
   -0.333999991    3.707915306
   -0.314000010    2.791122198
   -0.294000000    2.075176239
   -0.273999989    1.536756158
   -0.254000008    1.145466566
   -0.233999997    0.868694127
   -0.214000002    0.676156580
   -0.194000006    0.543661535
   -0.173999995    0.452552468
   -0.153999999    0.389420450
   -0.134000003    0.344832718
   -0.114000000    0.313008100
   -0.093999997    0.289776921
   -0.074000001    0.272749633
   -0.054000001    0.259954005
   -0.034000002    0.250791937
   -0.014000000    0.244301677
    0.006000000    0.239791974
    0.026000001    0.236581475
    0.046000000    0.234348804
    0.066000000    0.233003408
    0.086000003    0.231743038
    0.105999999    0.230888769
    0.126000002    0.230303526
    0.145999998    0.229976356
    0.165999994    0.230525479
    0.186000004    0.231879696
    0.206000000    0.234785557
    0.225999996    0.239444256
    0.246000007    0.246004969
    0.266000003    0.254241318
    0.286000013    0.263999104
    0.305999994    0.274737984
    0.326000005    0.285876483
    0.345999986    0.296314538
    0.365999997    0.305962473
    0.386000007    0.314256698
    0.405999988    0.320794106
    0.425999999    0.325505853
    0.446000010    0.329217404
    0.465999991    0.331791401
    0.486000001    0.334291756
    0.505999982    0.337281317
    0.526000023    0.340977103
    0.546000004    0.346746117
    0.565999985    0.354171723
    0.586000025    0.364500791
    0.606000006    0.377683938
    0.625999987    0.394459069
    0.646000028    0.414916933
    0.666000009    0.439960957
    0.685999990    0.471278042
    0.705999970    0.509488165
    0.726000011    0.556807101
    0.745999992    0.616591692
    0.765999973    0.692992866
    0.786000013    0.792353094
    0.805999994    0.922464788
    0.825999975    1.094979405
    0.846000016    1.321153998
    0.865999997    1.614902616
    0.885999978    1.987860322
    0.906000018    2.442336082
    0.925999999    2.978920937
    0.945999980    3.585773468
    0.966000021    4.234458447
    0.986000001    4.887720585
    1.006000042    5.496359348
    1.026000023    6.007874489
    1.046000004    6.384670734
    1.065999985    6.599325180
    1.085999966    6.633988857
    1.105999947    6.505647659
    1.126000047    6.246903896
    1.146000028    5.910542488
    1.166000009    5.545268536
    1.185999990    5.224572182
    1.205999970    4.999559402
    1.225999951    4.918536663
    1.246000051    5.007304192
    1.266000032    5.272873878
    1.286000013    5.710752010
    1.305999994    6.295852184
    1.325999975    6.991187572
    1.345999956    7.755183220
    1.366000056    8.554555893
    1.386000037    9.349237442
    1.406000018   10.126774788
    1.425999999   10.887496948
    1.445999980   11.639451027
    1.465999961   12.401988029
    1.485999942   13.192232132
    1.506000042   14.031872749
    1.526000023   14.882903099
    1.546000004   15.746152878
    1.565999985   16.552480698
    1.585999966   17.209674835
    1.605999947   17.634510040
    1.626000047   17.749004364
    1.646000028   17.454742432
    1.666000009   16.748735428
    1.685999990   15.617989540
    1.705999970   14.136612892
    1.725999951   12.411215782
    1.746000051   10.537411690
    1.766000032    8.665710449
    1.786000013    6.906560421
    1.805999994    5.331503868
    1.825999975    4.003067017
    1.845999956    2.931880713
    1.866000056    2.103839159
    1.886000037    1.493772507
    1.906000018    1.057730198
    1.925999999    0.758519650
    1.945999980    0.557985365
    1.965999961    0.427470744
    1.985999942    0.344088882
    2.006000042    0.291194737
    2.026000023    0.257313073
    2.046000004    0.235143676
    2.065999985    0.219435945
    2.085999966    0.207618758
    2.105999947    0.197924599
    2.125999928    0.189030752
    2.145999908    0.180672482
    2.165999889    0.172760367
    2.186000109    0.165222019
    2.206000090    0.158284813
    2.226000071    0.152075589
    2.246000051    0.146526247
    2.266000032    0.141808107
    2.286000013    0.137666821
    2.305999994    0.134154052
    2.325999975    0.131183729
    2.345999956    0.128772035
    2.365999937    0.127157390
    2.385999918    0.126542330
    2.405999899    0.127300039
    2.426000118    0.130082369
    2.446000099    0.135509089
    2.466000080    0.144276083
    2.486000061    0.157303184
    2.506000042    0.175695688
    2.526000023    0.201047823
    2.546000004    0.235720888
    2.565999985    0.283261746
    2.585999966    0.349696934
    2.605999947    0.443753183
    2.625999928    0.580464363
    2.645999908    0.779961705
    2.665999889    1.071134567
    2.686000109    1.490494251
    2.706000090    2.085336924
    2.726000071    2.906646729
    2.746000051    4.002789021
    2.766000032    5.423957348
    2.786000013    7.187366009
    2.805999994    9.286300659
    2.825999975   11.665360451
    2.845999956   14.213278770
    2.865999937   16.774713516
    2.885999918   19.153478622
    2.905999899   21.123876572
    2.926000118   22.522439957
    2.946000099   23.203672409
    2.966000080   23.078041077
    2.986000061   22.199705124
    3.006000042   20.677806854
    3.026000023   18.688770294
    3.046000004   16.475429535
    3.065999985   14.219198227
    3.085999966   12.109151840
    3.105999947   10.271562576
    3.125999928    8.756296158
    3.145999908    7.569335461
    3.165999889    6.679296017
    3.186000109    6.026856422
    3.206000090    5.546322346
    3.226000071    5.197472095
    3.246000051    4.941360474
    3.266000032    4.766330242
    3.286000013    4.674520016
    3.305999994    4.687371254
    3.325999975    4.829390049
    3.345999956    5.127360344
    3.365999937    5.598711014
    3.385999918    6.260698795
    3.405999899    7.113301277
    3.426000118    8.122180939
    3.446000099    9.241099358
    3.466000080   10.409461975
    3.486000061   11.526178360
    3.506000042   12.514791489
    3.526000023   13.288850784
    3.546000004   13.812941551
    3.565999985   14.072099686
    3.585999966   14.075360298
    3.605999947   13.898359299
    3.625999928   13.620320320
    3.645999908   13.324758530
    3.665999889   13.087580681
    3.686000109   12.938402176
    3.706000090   12.891409874
    3.726000071   12.908210754
    3.746000051   12.918910980
    3.766000032   12.866330147
    3.786000013   12.697217941
    3.805999994   12.346430779
    3.825999975   11.824041367
    3.845999956   11.145321846
    3.865999937   10.337043762
    3.885999918    9.477499008
    3.905999899    8.590009689
    3.926000118    7.754249573
    3.946000099    6.989500999
    3.966000080    6.300760269
    3.986000061    5.710051060
    4.006000042    5.230371952
    4.026000023    4.845069408
    4.046000004    4.548670769
    4.065999985    4.345650196
    4.085999966    4.224990845
    4.105999947    4.178790092
    4.125999928    4.194280148
    4.145999908    4.259750366
    4.165999889    4.361730099
    4.185999870    4.479620934
    4.205999851    4.599740028
    4.225999832    4.712219238
    4.245999813    4.798490047
    4.265999794    4.851760387
    4.285999775    4.875010490
    4.306000233    4.861220837
    4.326000214    4.813970089
    4.346000195    4.741839886
    4.366000175    4.650930405
    4.386000156    4.549889565
    4.406000137    4.441549778
    4.426000118    4.332509518
    4.446000099    4.215670586
    4.466000080    4.099969387
    4.486000061    3.976689816
    4.506000042    3.840480089
    4.526000023    3.691350460
    4.546000004    3.529859543
    4.565999985    3.353730440
    4.585999966    3.166370392
    4.605999947    2.969430447
    4.625999928    2.763120413
    4.645999908    2.545250416
    4.665999889    2.319839954
    4.685999870    2.083469629
    4.705999851    1.840789914
    4.725999832    1.591957569
    4.745999813    1.346466064
    4.765999794    1.110122085
    4.785999775    0.889244080
    4.806000233    0.692434013
    4.826000214    0.521717906
    4.846000195    0.380687922
    4.866000175    0.268591970
    4.886000156    0.183050781
    4.906000137    0.120396994
    4.926000118    0.076425418
    4.946000099    0.046801407
    4.966000080    0.027614303
    4.986000061    0.015701808
    5.006000042    0.008607348
    5.026000023    0.004537500
    5.046000004    0.002305222
    5.065999985    0.001126801
    5.085999966    0.000529679
    5.105999947    0.000239976
    5.125999928    0.000104486
    5.145999908    0.000043732
    5.165999889    0.000017597
    5.185999870    0.000006803
