VAR1	VAR2	VAR3	VAR4	VAR5	VAR6
SLG			DLG		--
	0.0000000000000000	5.204330000000000e-1		0.0000000000000000	5.796249999999999e-1
	1.000000000000000e+0	5.025080000000001e-1		1.000000000000000e+0	5.526450000000001e-1
	2.000000000000000e+0	4.537170000000000e-1		2.000000000000000e+0	4.812670000000000e-1
	3.000000000000000e+0	3.868190000000000e-1		3.000000000000000e+0	3.911370000000000e-1
	4.000000000000000e+0	3.141270000000000e-1		4.000000000000000e+0	3.086630000000000e-1
	5.000000000000000e+0	2.442160000000000e-1		5.000000000000000e+0	2.523750000000000e-1
	6.000000000000000e+0	1.821420000000000e-1		6.000000000000000e+0	2.284080000000000e-1
	7.000000000000000e+0	1.303660000000000e-1		7.000000000000000e+0	2.301190000000000e-1
	8.000000000000000e+0	8.940260000000000e-2		8.000000000000000e+0	2.411810000000000e-1
	9.000000000000000e+0	5.780280000000000e-2		9.000000000000000e+0	2.420060000000000e-1
	1.000000000000000e+1	3.222310000000000e-2		1.000000000000000e+1	2.190100000000000e-1
	1.100000000000000e+1	8.700710000000000e-3		1.100000000000000e+1	1.722340000000000e-1
	1.200000000000000e+1	-1.502290000000000e-2		1.200000000000000e+1	1.152470000000000e-1
	1.300000000000000e+1	-3.764230000000000e-2		1.300000000000000e+1	6.773179999999999e-2
	1.400000000000000e+1	-5.511630000000000e-2		1.400000000000000e+1	4.607030000000000e-2
	1.500000000000000e+1	-6.351810000000001e-2		1.500000000000000e+1	5.671190000000000e-2
	1.600000000000000e+1	-6.152130000000000e-2		1.600000000000000e+1	9.403460000000000e-2
	1.700000000000000e+1	-5.074010000000000e-2		1.700000000000000e+1	1.423890000000000e-1
	1.800000000000000e+1	-3.426240000000000e-2		1.800000000000000e+1	1.818450000000000e-1
	1.900000000000000e+1	-1.523180000000000e-2		1.900000000000000e+1	1.962440000000000e-1
	2.000000000000000e+1	3.558800000000000e-3		2.000000000000000e+1	1.802820000000000e-1
	2.100000000000000e+1	1.973650000000000e-2		2.100000000000000e+1	1.420030000000000e-1
	2.200000000000000e+1	3.109940000000000e-2		2.200000000000000e+1	9.854560000000000e-2
	2.300000000000000e+1	3.593540000000000e-2		2.300000000000000e+1	6.749699999999998e-2
	2.400000000000000e+1	3.407500000000000e-2		2.400000000000000e+1	5.932650000000001e-2
	2.500000000000000e+1	2.710790000000000e-2		2.500000000000000e+1	7.397970000000000e-2
	2.600000000000000e+1	1.789160000000000e-2		2.600000000000000e+1	1.016990000000000e-1
	2.700000000000000e+1	9.282809999999998e-3		2.700000000000000e+1	1.273980000000000e-1
	2.800000000000000e+1	2.865650000000000e-3		2.800000000000000e+1	1.371880000000000e-1
	2.900000000000000e+1	-9.624709999999998e-4		2.900000000000000e+1	1.250300000000000e-1
	3.000000000000000e+1	-1.833100000000000e-3		3.000000000000000e+1	9.684150000000000e-2
	3.100000000000000e+1	1.095540000000000e-3		3.100000000000000e+1	6.774630000000001e-2
	3.200000000000000e+1	8.507650000000000e-3		3.200000000000000e+1	5.433480000000000e-2
	3.300000000000000e+1	2.047390000000000e-2		3.300000000000000e+1	6.754969999999999e-2
	3.400000000000000e+1	3.712260000000001e-2		3.400000000000000e+1	1.083750000000000e-1
	3.500000000000000e+1	5.887760000000000e-2		3.500000000000000e+1	1.674260000000000e-1
	3.600000000000000e+1	8.549240000000000e-2		3.600000000000000e+1	2.282330000000000e-1
	3.700000000000000e+1	1.155170000000000e-1		3.700000000000000e+1	2.731580000000000e-1
	3.800000000000000e+1	1.460480000000000e-1		3.800000000000000e+1	2.909970000000000e-1
	3.900000000000000e+1	1.731940000000000e-1		3.900000000000000e+1	2.826310000000000e-1
	4.000000000000000e+1	1.938230000000000e-1		4.000000000000000e+1	2.595320000000000e-1
	4.100000000000000e+1	2.068730000000000e-1		4.100000000000000e+1	2.372170000000000e-1
	4.200000000000000e+1	2.131420000000000e-1		4.200000000000000e+1	2.284060000000000e-1
	4.300000000000000e+1	2.139510000000000e-1		4.300000000000000e+1	2.380010000000000e-1
	4.400000000000000e+1	2.101230000000000e-1		4.400000000000000e+1	2.615110000000000e-1
	4.500000000000000e+1	2.022660000000000e-1		4.500000000000000e+1	2.872200000000000e-1
	4.600000000000000e+1	1.912910000000000e-1		4.600000000000000e+1	3.012130000000000e-1
	4.700000000000000e+1	1.785600000000000e-1		4.700000000000000e+1	2.928800000000000e-1
	4.800000000000000e+1	1.654720000000000e-1		4.800000000000000e+1	2.602230000000000e-1
	4.900000000000000e+1	1.525820000000000e-1		4.900000000000000e+1	2.119610000000000e-1
	5.000000000000000e+1	1.394630000000000e-1		5.000000000000000e+1	1.633590000000000e-1
	5.100000000000000e+1	1.255230000000000e-1		5.100000000000000e+1	1.289000000000000e-1
	5.200000000000000e+1	1.110160000000000e-1		5.200000000000000e+1	1.160290000000000e-1
	5.300000000000000e+1	9.750149999999998e-2		5.300000000000000e+1	1.225900000000000e-1
	5.400000000000000e+1	8.650630000000000e-2		5.400000000000000e+1	1.384590000000000e-1
	5.500000000000000e+1	7.785950000000000e-2		5.500000000000000e+1	1.502150000000000e-1
	5.600000000000000e+1	6.989420000000000e-2		5.600000000000000e+1	1.467290000000000e-1
	5.700000000000000e+1	6.078480000000000e-2		5.700000000000000e+1	1.239330000000000e-1
	5.800000000000000e+1	4.990420000000000e-2		5.800000000000000e+1	8.748189999999998e-2
	5.900000000000000e+1	3.803310000000000e-2		5.900000000000000e+1	5.035730000000000e-2
	6.000000000000000e+1	2.642480000000000e-2		6.000000000000000e+1	2.601190000000000e-2
	6.100000000000000e+1	1.547510000000000e-2		6.100000000000000e+1	2.203110000000000e-2
	6.200000000000000e+1	3.602510000000000e-3		6.200000000000000e+1	3.700329999999999e-2
	6.300000000000000e+1	-1.194030000000000e-2		6.300000000000000e+1	6.134960000000000e-2
	6.400000000000000e+1	-3.229910000000000e-2		6.400000000000000e+1	8.153500000000000e-2
	6.500000000000000e+1	-5.586430000000000e-2		6.500000000000000e+1	8.583760000000000e-2
	6.600000000000000e+1	-7.995250000000002e-2		6.600000000000000e+1	6.947050000000001e-2
	6.700000000000000e+1	-1.026340000000000e-1		6.700000000000000e+1	3.697780000000000e-2
	6.800000000000000e+1	-1.228660000000000e-1		6.800000000000000e+1	4.959259999999999e-4
	6.900000000000000e+1	-1.395280000000000e-1		6.900000000000000e+1	-2.584550000000000e-2
	7.000000000000000e+1	-1.508690000000000e-1		7.000000000000000e+1	-3.222240000000000e-2
	7.100000000000000e+1	-1.545510000000000e-1		7.100000000000000e+1	-1.709930000000000e-2
	7.200000000000000e+1	-1.486830000000000e-1		7.200000000000000e+1	1.211470000000000e-2
	7.300000000000000e+1	-1.332550000000000e-1		7.300000000000000e+1	4.238990000000000e-2
	7.400000000000000e+1	-1.098200000000000e-1		7.400000000000000e+1	6.142330000000001e-2
	7.500000000000000e+1	-8.011070000000000e-2		7.500000000000000e+1	6.326290000000000e-2
	7.600000000000000e+1	-4.532480000000000e-2		7.600000000000000e+1	5.083080000000000e-2
	7.700000000000000e+1	-6.312170000000000e-3		7.700000000000000e+1	3.454150000000000e-2
	7.800000000000000e+1	3.539900000000000e-2		7.800000000000000e+1	2.726760000000000e-2
	7.900000000000000e+1	7.695620000000000e-2		7.900000000000000e+1	3.843029999999999e-2
	8.000000000000000e+1	1.149730000000000e-1		8.000000000000000e+1	6.980710000000000e-2
	8.100000000000000e+1	1.469400000000000e-1		8.100000000000000e+1	1.145280000000000e-1
	8.200000000000000e+1	1.719830000000000e-1		8.200000000000000e+1	1.594960000000000e-1
	8.300000000000000e+1	1.902630000000000e-1		8.300000000000000e+1	1.907520000000000e-1
	8.400000000000000e+1	2.017540000000000e-1		8.400000000000000e+1	1.998440000000000e-1
	8.500000000000000e+1	2.060210000000000e-1		8.500000000000000e+1	1.876240000000000e-1
	8.600000000000000e+1	2.027940000000000e-1		8.600000000000000e+1	1.633880000000000e-1
	8.700000000000000e+1	1.926190000000000e-1		8.700000000000000e+1	1.403950000000000e-1
	8.800000000000000e+1	1.769230000000000e-1		8.800000000000000e+1	1.300710000000000e-1
	8.900000000000000e+1	1.572490000000000e-1		8.900000000000000e+1	1.369930000000000e-1
	9.000000000000000e+1	1.346130000000000e-1		9.000000000000000e+1	1.565940000000000e-1
	9.100000000000000e+1	1.096060000000000e-1		9.100000000000000e+1	1.767710000000000e-1
	9.200000000000000e+1	8.338940000000000e-2		9.200000000000000e+1	1.832250000000000e-1
	9.300000000000000e+1	5.862560000000000e-2		9.300000000000000e+1	1.666660000000000e-1
	9.400000000000000e+1	3.856430000000000e-2		9.400000000000000e+1	1.281810000000000e-1
	9.500000000000000e+1	2.507330000000000e-2		9.500000000000000e+1	7.914879999999998e-2
	9.600000000000000e+1	1.836600000000000e-2		9.600000000000000e+1	3.588000000000000e-2
	9.700000000000000e+1	1.789190000000000e-2		9.700000000000000e+1	1.265770000000000e-2
	9.800000000000000e+1	2.287470000000000e-2		9.800000000000000e+1	1.622100000000000e-2
	9.900000000000000e+1	3.227320000000000e-2		9.900000000000000e+1	4.320950000000000e-2
	1.000000000000000e+2	4.400120000000001e-2		1.000000000000000e+2	8.106900000000000e-2
	1.010000000000000e+2	5.427850000000000e-2		1.010000000000000e+2	1.124730000000000e-1
	1.020000000000000e+2	5.866150000000000e-2		1.020000000000000e+2	1.225250000000000e-1
	1.030000000000000e+2	5.473550000000000e-2		1.030000000000000e+2	1.058010000000000e-1
	1.040000000000000e+2	4.367190000000000e-2		1.040000000000000e+2	6.906160000000000e-2
	1.050000000000000e+2	2.886810000000000e-2		1.050000000000000e+2	2.769450000000000e-2
	1.060000000000000e+2	1.325550000000000e-2		1.060000000000000e+2	-1.761010000000000e-3
	1.070000000000000e+2	-2.162730000000000e-3		1.070000000000000e+2	-8.646440000000000e-3
	1.080000000000000e+2	-1.759910000000000e-2		1.080000000000000e+2	7.681080000000000e-3
	1.090000000000000e+2	-3.312990000000000e-2		1.090000000000000e+2	3.717750000000000e-2
	1.100000000000000e+2	-4.813709999999999e-2		1.100000000000000e+2	6.281100000000001e-2
	1.110000000000000e+2	-6.175040000000000e-2		1.110000000000000e+2	6.824559999999999e-2
	1.120000000000000e+2	-7.372560000000000e-2		1.120000000000000e+2	4.598620000000000e-2
	1.130000000000000e+2	-8.443800000000000e-2		1.130000000000000e+2	1.180940000000000e-3
	1.140000000000000e+2	-9.385840000000000e-2		1.140000000000000e+2	-5.078610000000000e-2
	1.150000000000000e+2	-1.003830000000000e-1		1.150000000000000e+2	-9.115510000000000e-2
	1.160000000000000e+2	-1.011500000000000e-1		1.160000000000000e+2	-1.056050000000000e-1
	1.170000000000000e+2	-9.423110000000002e-2		1.170000000000000e+2	-8.962150000000000e-2
	1.180000000000000e+2	-8.045640000000002e-2		1.180000000000000e+2	-4.999460000000000e-2
	1.190000000000000e+2	-6.277420000000000e-2		1.190000000000000e+2	-2.286920000000000e-3
	1.200000000000000e+2	-4.403369999999999e-2		1.200000000000000e+2	3.519890000000000e-2
	1.210000000000000e+2	-2.542560000000000e-2		1.210000000000000e+2	4.930020000000000e-2
	1.220000000000000e+2	-6.508850000000000e-3		1.220000000000000e+2	3.840240000000000e-2
	1.230000000000000e+2	1.363950000000000e-2		1.230000000000000e+2	1.305700000000000e-2
	1.240000000000000e+2	3.502890000000000e-2		1.240000000000000e+2	-9.758320000000002e-3
	1.250000000000000e+2	5.601690000000000e-2		1.250000000000000e+2	-1.477170000000000e-2
	1.260000000000000e+2	7.406700000000000e-2		1.260000000000000e+2	5.131760000000000e-3
	1.270000000000000e+2	8.753140000000000e-2		1.270000000000000e+2	4.623720000000000e-2
	1.280000000000000e+2	9.627400000000000e-2		1.280000000000000e+2	9.523100000000000e-2
	1.290000000000000e+2	1.007980000000000e-1		1.290000000000000e+2	1.339610000000000e-1
	1.300000000000000e+2	1.012310000000000e-1		1.300000000000000e+2	1.474180000000000e-1
	1.310000000000000e+2	9.774160000000000e-2		1.310000000000000e+2	1.314620000000000e-1
	1.320000000000000e+2	9.164300000000000e-2		1.320000000000000e+2	9.494620000000000e-2
	1.330000000000000e+2	8.540729999999998e-2		1.330000000000000e+2	5.502539999999999e-2
	1.340000000000000e+2	8.159820000000000e-2		1.340000000000000e+2	2.918610000000000e-2
	1.350000000000000e+2	8.166939999999998e-2		1.350000000000000e+2	2.824200000000000e-2
	1.360000000000000e+2	8.550580000000000e-2		1.360000000000000e+2	5.252120000000000e-2
	1.370000000000000e+2	9.196920000000000e-2		1.370000000000000e+2	9.195960000000000e-2
	1.380000000000000e+2	9.928460000000000e-2		1.380000000000000e+2	1.297800000000000e-1
	1.390000000000000e+2	1.052250000000000e-1		1.390000000000000e+2	1.492280000000000e-1
	1.400000000000000e+2	1.077070000000000e-1		1.400000000000000e+2	1.414770000000000e-1
	1.410000000000000e+2	1.049960000000000e-1		1.410000000000000e+2	1.100830000000000e-1
	1.420000000000000e+2	9.601749999999998e-2		1.420000000000000e+2	6.896210000000000e-2
	1.430000000000000e+2	8.103820000000000e-2		1.430000000000000e+2	3.534190000000000e-2
	1.440000000000000e+2	6.183280000000000e-2		1.440000000000000e+2	2.191300000000000e-2
	1.450000000000000e+2	4.091040000000000e-2		1.450000000000000e+2	3.190760000000000e-2
	1.460000000000000e+2	1.992910000000000e-2		1.460000000000000e+2	5.791000000000000e-2
	1.470000000000000e+2	-4.557350000000000e-4		1.470000000000000e+2	8.457670000000000e-2
	1.480000000000000e+2	-1.998980000000000e-2		1.480000000000000e+2	9.547620000000002e-2
	1.490000000000000e+2	-3.853500000000000e-2		1.490000000000000e+2	8.075380000000000e-2
	1.500000000000000e+2	-5.578900000000000e-2		1.500000000000000e+2	4.193990000000000e-2
	1.510000000000000e+2	-7.139690000000000e-2		1.510000000000000e+2	-8.727799999999998e-3
	1.520000000000000e+2	-8.507710000000000e-2		1.520000000000000e+2	-5.434790000000001e-2
	1.530000000000000e+2	-9.649470000000000e-2		1.530000000000000e+2	-8.054290000000000e-2
	1.540000000000000e+2	-1.048510000000000e-1		1.540000000000000e+2	-8.091590000000000e-2
	1.550000000000000e+2	-1.089030000000000e-1		1.550000000000000e+2	-5.950420000000000e-2
	1.560000000000000e+2	-1.075710000000000e-1		1.560000000000000e+2	-2.918980000000000e-2
	1.570000000000000e+2	-1.009360000000000e-1		1.570000000000000e+2	-6.478380000000000e-3
	1.580000000000000e+2	-9.072530000000002e-2		1.580000000000000e+2	-4.474069999999999e-3
	1.590000000000000e+2	-7.897430000000000e-2		1.590000000000000e+2	-2.626930000000000e-2
	1.600000000000000e+2	-6.635780000000001e-2		1.600000000000000e+2	-6.281570000000000e-2
	1.610000000000000e+2	-5.195950000000001e-2		1.610000000000000e+2	-9.774030000000000e-2
	1.620000000000000e+2	-3.448990000000000e-2		1.620000000000000e+2	-1.153450000000000e-1
	1.630000000000000e+2	-1.400460000000000e-2		1.630000000000000e+2	-1.069260000000000e-1
	1.640000000000000e+2	7.166449999999999e-3		1.640000000000000e+2	-7.385110000000000e-2
	1.650000000000000e+2	2.533840000000000e-2		1.650000000000000e+2	-2.721870000000000e-2
	1.660000000000000e+2	3.769650000000000e-2		1.660000000000000e+2	1.621670000000000e-2
	1.670000000000000e+2	4.333040000000000e-2		1.670000000000000e+2	4.106720000000000e-2
	1.680000000000000e+2	4.266060000000000e-2		1.680000000000000e+2	4.023210000000000e-2
	1.690000000000000e+2	3.632530000000001e-2		1.690000000000000e+2	1.823970000000000e-2
	1.700000000000000e+2	2.510070000000000e-2		1.700000000000000e+2	-1.110850000000000e-2
	1.710000000000000e+2	1.062480000000000e-2		1.710000000000000e+2	-3.140130000000000e-2
	1.720000000000000e+2	-4.269270000000000e-3		1.720000000000000e+2	-3.062760000000000e-2
	1.730000000000000e+2	-1.635250000000000e-2		1.730000000000000e+2	-5.740240000000000e-3
	1.740000000000000e+2	-2.355500000000000e-2		1.740000000000000e+2	3.633600000000000e-2
	1.750000000000000e+2	-2.583320000000000e-2		1.750000000000000e+2	8.139710000000000e-2
	1.760000000000000e+2	-2.500760000000000e-2		1.760000000000000e+2	1.136240000000000e-1
	1.770000000000000e+2	-2.295530000000000e-2		1.770000000000000e+2	1.224130000000000e-1
	1.780000000000000e+2	-1.951460000000000e-2		1.780000000000000e+2	1.074890000000000e-1
	1.790000000000000e+2	-1.265640000000000e-2		1.790000000000000e+2	7.918000000000000e-2
	1.800000000000000e+2	-1.019790000000000e-3		1.800000000000000e+2	5.299080000000000e-2
	1.810000000000000e+2	1.436850000000000e-2		1.810000000000000e+2	4.200250000000001e-2
	1.820000000000000e+2	3.085540000000000e-2		1.820000000000000e+2	5.168250000000000e-2
	1.830000000000000e+2	4.603830000000001e-2		1.830000000000000e+2	7.842560000000000e-2
	1.840000000000000e+2	5.886730000000000e-2		1.840000000000000e+2	1.113690000000000e-1
	1.850000000000000e+2	6.895970000000000e-2		1.850000000000000e+2	1.366030000000000e-1
	1.860000000000000e+2	7.567790000000000e-2		1.860000000000000e+2	1.426700000000000e-1
	1.870000000000000e+2	7.806420000000000e-2		1.870000000000000e+2	1.259250000000000e-1
	1.880000000000000e+2	7.498150000000000e-2		1.880000000000000e+2	9.277970000000000e-2
	1.890000000000000e+2	6.594269999999999e-2		1.890000000000000e+2	5.643559999999999e-2
	1.900000000000000e+2	5.197970000000000e-2		1.900000000000000e+2	3.007470000000000e-2
	1.910000000000000e+2	3.517460000000000e-2		1.910000000000000e+2	2.081450000000000e-2
	1.920000000000000e+2	1.721860000000000e-2		1.920000000000000e+2	2.699210000000000e-2
	1.930000000000000e+2	-1.449120000000000e-3		1.930000000000000e+2	3.921320000000000e-2
	1.940000000000000e+2	-2.100000000000000e-2		1.940000000000000e+2	4.459250000000000e-2
	1.950000000000000e+2	-4.121870000000000e-2		1.950000000000000e+2	3.254090000000000e-2
	1.960000000000000e+2	-6.121340000000000e-2		1.960000000000000e+2	1.214030000000000e-4
	1.970000000000000e+2	-7.987860000000000e-2		1.970000000000000e+2	-4.547490000000000e-2
	1.980000000000000e+2	-9.654800000000000e-2		1.980000000000000e+2	-8.991170000000000e-2
	1.990000000000000e+2	-1.104390000000000e-1		1.990000000000000e+2	-1.184740000000000e-1
	2.000000000000000e+2	-1.199900000000000e-1		2.000000000000000e+2	-1.224490000000000e-1
	2.010000000000000e+2	-1.235590000000000e-1		2.010000000000000e+2	-1.026650000000000e-1
	2.020000000000000e+2	-1.202870000000000e-1		2.020000000000000e+2	-6.914819999999999e-2
	2.030000000000000e+2	-1.108630000000000e-1		2.030000000000000e+2	-3.695669999999999e-2
	2.040000000000000e+2	-9.767500000000000e-2		2.040000000000000e+2	-1.985160000000000e-2
	2.050000000000000e+2	-8.393980000000000e-2		2.050000000000000e+2	-2.447110000000000e-2
	2.060000000000000e+2	-7.230249999999998e-2		2.060000000000000e+2	-4.742780000000000e-2
	2.070000000000000e+2	-6.403889999999999e-2		2.070000000000000e+2	-7.689820000000000e-2
	2.080000000000000e+2	-5.953630000000000e-2		2.080000000000000e+2	-9.840460000000002e-2
	2.090000000000000e+2	-5.868769999999999e-2		2.090000000000000e+2	-1.015600000000000e-1
	2.100000000000000e+2	-6.042930000000000e-2		2.100000000000000e+2	-8.426410000000000e-2
	2.110000000000000e+2	-6.277820000000001e-2		2.110000000000000e+2	-5.336960000000000e-2
	2.120000000000000e+2	-6.344330000000001e-2		2.120000000000000e+2	-2.193270000000000e-2
	2.130000000000000e+2	-6.065420000000000e-2		2.130000000000000e+2	-3.747820000000000e-3
	2.140000000000000e+2	-5.466240000000000e-2		2.140000000000000e+2	-6.883970000000000e-3
	2.150000000000000e+2	-4.780250000000001e-2		2.150000000000000e+2	-2.962550000000000e-2
	2.160000000000000e+2	-4.238050000000000e-2		2.160000000000000e+2	-6.064679999999999e-2
	2.170000000000000e+2	-3.870950000000000e-2		2.170000000000000e+2	-8.389720000000000e-2
	2.180000000000000e+2	-3.494330000000000e-2		2.180000000000000e+2	-8.616040000000000e-2
	2.190000000000000e+2	-2.877300000000000e-2		2.190000000000000e+2	-6.263600000000000e-2
	2.200000000000000e+2	-1.967960000000000e-2		2.200000000000000e+2	-1.866800000000000e-2
	2.210000000000000e+2	-8.979100000000000e-3		2.210000000000000e+2	3.240740000000000e-2
	2.220000000000000e+2	2.179640000000000e-3		2.220000000000000e+2	7.461470000000000e-2
	2.230000000000000e+2	1.360350000000000e-2		2.230000000000000e+2	9.618190000000000e-2
	2.240000000000000e+2	2.541780000000000e-2		2.240000000000000e+2	9.469430000000002e-2
	2.250000000000000e+2	3.712710000000000e-2		2.250000000000000e+2	7.785820000000000e-2
	2.260000000000000e+2	4.700750000000000e-2		2.260000000000000e+2	5.959660000000000e-2
	2.270000000000000e+2	5.235030000000000e-2		2.270000000000000e+2	5.310230000000000e-2
	2.280000000000000e+2	5.116060000000000e-2		2.280000000000000e+2	6.476710000000001e-2
	2.290000000000000e+2	4.365570000000001e-2		2.290000000000000e+2	9.146170000000000e-2
	2.300000000000000e+2	3.188670000000000e-2		2.300000000000000e+2	1.213630000000000e-1
	2.310000000000000e+2	1.809960000000000e-2		2.310000000000000e+2	1.385950000000000e-1
	2.320000000000000e+2	3.242160000000000e-3		2.320000000000000e+2	1.306080000000000e-1
	2.330000000000000e+2	-1.235750000000000e-2		2.330000000000000e+2	9.463670000000000e-2
	2.340000000000000e+2	-2.759540000000000e-2		2.340000000000000e+2	3.928470000000000e-2
	2.350000000000000e+2	-4.054709999999999e-2		2.350000000000000e+2	-1.925640000000000e-2
	2.360000000000000e+2	-4.942810000000000e-2		2.360000000000000e+2	-6.397910000000000e-2
	2.370000000000000e+2	-5.389670000000000e-2		2.370000000000000e+2	-8.376850000000000e-2
	2.380000000000000e+2	-5.557650000000000e-2		2.380000000000000e+2	-7.745510000000000e-2
	2.390000000000000e+2	-5.671420000000000e-2		2.390000000000000e+2	-5.392830000000000e-2
	2.400000000000000e+2	-5.834400000000000e-2		2.400000000000000e+2	-2.844710000000000e-2
	2.410000000000000e+2	-5.950890000000000e-2		2.410000000000000e+2	-1.624130000000000e-2
	2.420000000000000e+2	-5.813720000000000e-2		2.420000000000000e+2	-2.556260000000000e-2
	2.430000000000000e+2	-5.345310000000000e-2		2.430000000000000e+2	-5.350700000000000e-2
	2.440000000000000e+2	-4.707940000000000e-2		2.440000000000000e+2	-8.771060000000000e-2
	2.450000000000000e+2	-4.172400000000001e-2		2.450000000000000e+2	-1.127050000000000e-1
	2.460000000000000e+2	-3.956330000000000e-2		2.460000000000000e+2	-1.169530000000000e-1
	2.470000000000000e+2	-4.163060000000000e-2		2.470000000000000e+2	-9.777659999999998e-2
	2.480000000000000e+2	-4.811980000000000e-2		2.480000000000000e+2	-6.264860000000000e-2
	2.490000000000000e+2	-5.899300000000000e-2		2.490000000000000e+2	-2.660690000000000e-2
	2.500000000000000e+2	-7.379160000000000e-2		2.500000000000000e+2	-6.155740000000000e-3
	2.510000000000000e+2	-9.114630000000000e-2		2.510000000000000e+2	-1.141940000000000e-2
	2.520000000000000e+2	-1.088090000000000e-1		2.520000000000000e+2	-4.096429999999999e-2
	2.530000000000000e+2	-1.241360000000000e-1		2.530000000000000e+2	-8.280480000000000e-2
	2.540000000000000e+2	-1.350490000000000e-1		2.540000000000000e+2	-1.202860000000000e-1
	2.550000000000000e+2	-1.409670000000000e-1		2.550000000000000e+2	-1.390660000000000e-1
	2.560000000000000e+2	-1.427420000000000e-1		2.560000000000000e+2	-1.324090000000000e-1
	2.570000000000000e+2	-1.416080000000000e-1		2.570000000000000e+2	-1.034890000000000e-1
	2.580000000000000e+2	-1.382990000000000e-1		2.580000000000000e+2	-6.418950000000000e-2
	2.590000000000000e+2	-1.330190000000000e-1		2.590000000000000e+2	-3.027840000000000e-2
	2.600000000000000e+2	-1.258250000000000e-1		2.600000000000000e+2	-1.426320000000000e-2
	2.610000000000000e+2	-1.167470000000000e-1		2.610000000000000e+2	-1.982890000000000e-2
	2.620000000000000e+2	-1.052560000000000e-1		2.620000000000000e+2	-3.989990000000000e-2
	2.630000000000000e+2	-9.011020000000000e-2		2.630000000000000e+2	-5.968019999999999e-2
	2.640000000000000e+2	-7.025460000000000e-2		2.640000000000000e+2	-6.408510000000001e-2
	2.650000000000000e+2	-4.569810000000001e-2		2.650000000000000e+2	-4.469110000000001e-2
	2.660000000000000e+2	-1.828690000000000e-2		2.660000000000000e+2	-3.206500000000000e-3
	2.670000000000000e+2	8.280990000000000e-3		2.670000000000000e+2	4.903690000000000e-2
	2.680000000000000e+2	2.990550000000000e-2		2.680000000000000e+2	9.513520000000000e-2
	2.690000000000000e+2	4.366400000000000e-2		2.690000000000000e+2	1.193520000000000e-1
	2.700000000000000e+2	4.843439999999999e-2		2.700000000000000e+2	1.142470000000000e-1
	2.710000000000000e+2	4.457930000000000e-2		2.710000000000000e+2	8.413010000000000e-2
	2.720000000000000e+2	3.349570000000000e-2		2.720000000000000e+2	4.264300000000000e-2
	2.730000000000000e+2	1.773780000000000e-2		2.730000000000000e+2	6.411160000000000e-3
	2.740000000000000e+2	8.504270000000000e-4		2.740000000000000e+2	-1.175900000000000e-2
	2.750000000000000e+2	-1.337850000000000e-2		2.750000000000000e+2	-7.545650000000000e-3
	2.760000000000000e+2	-2.228850000000000e-2		2.760000000000000e+2	1.368900000000000e-2
	2.770000000000000e+2	-2.598630000000000e-2		2.770000000000000e+2	3.927709999999999e-2
	2.780000000000000e+2	-2.738190000000000e-2		2.780000000000000e+2	5.438760000000000e-2
	2.790000000000000e+2	-3.003600000000000e-2		2.790000000000000e+2	4.859700000000000e-2
	2.800000000000000e+2	-3.526180000000000e-2		2.800000000000000e+2	2.133150000000000e-2
	2.810000000000000e+2	-4.135200000000000e-2		2.810000000000000e+2	-1.757160000000000e-2
	2.820000000000000e+2	-4.575010000000000e-2		2.820000000000000e+2	-5.283420000000001e-2
	2.830000000000000e+2	-4.738550000000001e-2		2.830000000000000e+2	-7.075850000000000e-2
	2.840000000000000e+2	-4.657840000000000e-2		2.840000000000000e+2	-6.494410000000001e-2
	2.850000000000000e+2	-4.355770000000000e-2		2.850000000000000e+2	-3.860019999999999e-2
	2.860000000000000e+2	-3.824350000000000e-2		2.860000000000000e+2	-2.944210000000000e-3
	2.870000000000000e+2	-3.083180000000000e-2		2.870000000000000e+2	2.706100000000000e-2
	2.880000000000000e+2	-2.252500000000000e-2		2.880000000000000e+2	3.870040000000000e-2
	2.890000000000000e+2	-1.602040000000000e-2		2.890000000000000e+2	2.728460000000000e-2
	2.900000000000000e+2	-1.486800000000000e-2		2.900000000000000e+2	-1.916470000000000e-3
	2.910000000000000e+2	-2.154740000000000e-2		2.910000000000000e+2	-3.682700000000000e-2
	2.920000000000000e+2	-3.613740000000000e-2		2.920000000000000e+2	-6.457860000000000e-2
	2.930000000000000e+2	-5.727000000000000e-2		2.930000000000000e+2	-7.714740000000000e-2
	2.940000000000000e+2	-8.349080000000000e-2		2.940000000000000e+2	-7.427970000000000e-2
	2.950000000000000e+2	-1.136500000000000e-1		2.950000000000000e+2	-6.298950000000000e-2
	2.960000000000000e+2	-1.462750000000000e-1		2.960000000000000e+2	-5.432079999999999e-2
	2.970000000000000e+2	-1.787900000000000e-1		2.970000000000000e+2	-5.849840000000000e-2
	2.980000000000000e+2	-2.077930000000000e-1		2.980000000000000e+2	-8.001600000000000e-2
	2.990000000000000e+2	-2.301020000000000e-1		2.990000000000000e+2	-1.148390000000000e-1
	3.000000000000000e+2	-2.443660000000000e-1		3.000000000000000e+2	-1.515530000000000e-1
	3.010000000000000e+2	-2.512150000000000e-1		3.010000000000000e+2	-1.765800000000000e-1
	3.020000000000000e+2	-2.517720000000000e-1		3.020000000000000e+2	-1.802930000000000e-1
	3.030000000000000e+2	-2.464240000000000e-1		3.030000000000000e+2	-1.609840000000000e-1
	3.040000000000000e+2	-2.342180000000000e-1		3.040000000000000e+2	-1.254860000000000e-1
	3.050000000000000e+2	-2.139690000000000e-1		3.050000000000000e+2	-8.620450000000000e-2
	3.060000000000000e+2	-1.862720000000000e-1		3.060000000000000e+2	-5.586090000000000e-2
	3.070000000000000e+2	-1.537700000000000e-1		3.070000000000000e+2	-4.184230000000000e-2
	3.080000000000000e+2	-1.194980000000000e-1		3.080000000000000e+2	-4.301100000000000e-2
	3.090000000000000e+2	-8.565700000000000e-2		3.090000000000000e+2	-5.082540000000000e-2
	3.100000000000000e+2	-5.375570000000000e-2		3.100000000000000e+2	-5.390990000000000e-2
	3.110000000000000e+2	-2.531920000000000e-2		3.110000000000000e+2	-4.346129999999999e-2
	3.120000000000000e+2	-1.941250000000000e-3		3.120000000000000e+2	-1.714270000000000e-2
	3.130000000000000e+2	1.564670000000000e-2		3.130000000000000e+2	1.965170000000000e-2
	3.140000000000000e+2	2.821550000000000e-2		3.140000000000000e+2	5.559890000000000e-2
	3.150000000000000e+2	3.730360000000000e-2		3.150000000000000e+2	7.794230000000000e-2
	3.160000000000000e+2	4.406580000000000e-2		3.160000000000000e+2	7.843860000000000e-2
	3.170000000000000e+2	4.878710000000000e-2		3.170000000000000e+2	5.775900000000000e-2
	3.180000000000000e+2	5.088740000000000e-2		3.180000000000000e+2	2.535410000000000e-2
	3.190000000000000e+2	4.978850000000000e-2		3.190000000000000e+2	-4.979000000000000e-3
	3.200000000000000e+2	4.605220000000000e-2		3.200000000000000e+2	-2.120240000000000e-2
	3.210000000000000e+2	4.119010000000000e-2		3.210000000000000e+2	-1.784160000000000e-2
	3.220000000000000e+2	3.649390000000000e-2		3.220000000000000e+2	2.095680000000000e-3
	3.230000000000000e+2	3.219260000000000e-2		3.230000000000000e+2	2.838220000000000e-2
	3.240000000000000e+2	2.788740000000000e-2		3.240000000000000e+2	4.794710000000000e-2
	3.250000000000000e+2	2.356760000000000e-2		3.250000000000000e+2	5.121710000000000e-2
	3.260000000000000e+2	1.992830000000000e-2		3.260000000000000e+2	3.707630000000000e-2
	3.270000000000000e+2	1.789970000000000e-2		3.270000000000000e+2	1.333360000000000e-2
	3.280000000000000e+2	1.777560000000000e-2		3.280000000000000e+2	-7.287610000000000e-3
	3.290000000000000e+2	1.856910000000000e-2		3.290000000000000e+2	-1.313890000000000e-2
	3.300000000000000e+2	1.840090000000000e-2		3.300000000000000e+2	1.102500000000000e-3
	3.310000000000000e+2	1.556130000000000e-2		3.310000000000000e+2	3.205970000000000e-2
	3.320000000000000e+2	8.964770000000000e-3		3.320000000000000e+2	6.855610000000001e-2
	3.330000000000000e+2	-2.319640000000000e-3		3.330000000000000e+2	9.524690000000000e-2
	3.340000000000000e+2	-1.928090000000000e-2		3.340000000000000e+2	9.868280000000000e-2
	3.350000000000000e+2	-4.239490000000001e-2		3.350000000000000e+2	7.348660000000000e-2
	3.360000000000000e+2	-7.078719999999999e-2		3.360000000000000e+2	2.519070000000000e-2
	3.370000000000000e+2	-1.015230000000000e-1		3.370000000000000e+2	-3.221780000000000e-2
	3.380000000000000e+2	-1.301100000000000e-1		3.380000000000000e+2	-8.266680000000000e-2
	3.390000000000000e+2	-1.526980000000000e-1		3.390000000000000e+2	-1.145650000000000e-1
	3.400000000000000e+2	-1.682340000000000e-1		3.400000000000000e+2	-1.248350000000000e-1
	3.410000000000000e+2	-1.784590000000000e-1		3.410000000000000e+2	-1.193780000000000e-1
	3.420000000000000e+2	-1.857700000000000e-1		3.420000000000000e+2	-1.098930000000000e-1
	3.430000000000000e+2	-1.910430000000000e-1		3.430000000000000e+2	-1.082450000000000e-1
	3.440000000000000e+2	-1.935850000000000e-1		3.440000000000000e+2	-1.206860000000000e-1
	3.450000000000000e+2	-1.929260000000000e-1		3.450000000000000e+2	-1.445520000000000e-1
	3.460000000000000e+2	-1.896360000000000e-1		3.460000000000000e+2	-1.693000000000000e-1
	3.470000000000000e+2	-1.844040000000000e-1		3.470000000000000e+2	-1.815730000000000e-1
	3.480000000000000e+2	-1.771050000000000e-1		3.480000000000000e+2	-1.714710000000000e-1
	3.490000000000000e+2	-1.667160000000000e-1		3.490000000000000e+2	-1.369180000000000e-1
	3.500000000000000e+2	-1.519940000000000e-1		3.500000000000000e+2	-8.496140000000000e-2
	3.510000000000000e+2	-1.329390000000000e-1		3.510000000000000e+2	-2.977110000000000e-2
	3.520000000000000e+2	-1.117070000000000e-1		3.520000000000000e+2	1.271350000000000e-2
	3.530000000000000e+2	-9.153000000000000e-2		3.530000000000000e+2	3.145860000000000e-2
	3.540000000000000e+2	-7.467560000000000e-2		3.540000000000000e+2	2.497540000000000e-2
	3.550000000000000e+2	-6.161629999999999e-2		3.550000000000000e+2	1.957130000000000e-3
	3.560000000000000e+2	-5.186150000000000e-2		3.560000000000000e+2	-2.296530000000000e-2
	3.570000000000000e+2	-4.506259999999999e-2		3.570000000000000e+2	-3.617900000000000e-2
	3.580000000000000e+2	-4.121830000000000e-2		3.580000000000000e+2	-3.064930000000000e-2
	3.590000000000000e+2	-3.968770000000001e-2		3.590000000000000e+2	-8.316000000000000e-3
	3.600000000000000e+2	-3.814040000000000e-2		3.600000000000000e+2	2.089270000000000e-2
	3.610000000000000e+2	-3.318050000000000e-2		3.610000000000000e+2	4.336820000000000e-2
	3.620000000000000e+2	-2.219020000000000e-2		3.620000000000000e+2	4.851880000000000e-2
	3.630000000000000e+2	-4.789669999999999e-3		3.630000000000000e+2	3.405520000000000e-2
	3.640000000000000e+2	1.749680000000000e-2		3.640000000000000e+2	7.455260000000000e-3
	3.650000000000000e+2	4.219310000000001e-2		3.650000000000000e+2	-1.696840000000000e-2
	3.660000000000000e+2	6.699420000000000e-2		3.660000000000000e+2	-2.463630000000000e-2
	3.670000000000000e+2	9.090720000000000e-2		3.670000000000000e+2	-7.055280000000001e-3
	3.680000000000000e+2	1.136460000000000e-1		3.680000000000000e+2	3.467330000000000e-2
	3.690000000000000e+2	1.343240000000000e-1		3.690000000000000e+2	8.985050000000000e-2
	3.700000000000000e+2	1.511250000000000e-1		3.700000000000000e+2	1.414010000000000e-1
	3.710000000000000e+2	1.623930000000000e-1		3.710000000000000e+2	1.720470000000000e-1
	3.720000000000000e+2	1.675700000000000e-1		3.720000000000000e+2	1.719250000000000e-1
	3.730000000000000e+2	1.666070000000000e-1		3.730000000000000e+2	1.434030000000000e-1
	3.740000000000000e+2	1.590530000000000e-1		3.740000000000000e+2	9.964340000000000e-2
	3.750000000000000e+2	1.440110000000000e-1		3.750000000000000e+2	5.769039999999999e-2
	3.760000000000000e+2	1.210310000000000e-1		3.760000000000000e+2	3.070570000000000e-2
	3.770000000000000e+2	9.065420000000000e-2		3.770000000000000e+2	2.328270000000000e-2
	3.780000000000000e+2	5.419200000000000e-2		3.780000000000000e+2	3.035320000000000e-2
	3.790000000000000e+2	1.329870000000000e-2		3.790000000000000e+2	3.949360000000000e-2
	3.800000000000000e+2	-3.046870000000000e-2		3.800000000000000e+2	3.622240000000000e-2
	3.810000000000000e+2	-7.568230000000000e-2		3.810000000000000e+2	1.079190000000000e-2
	3.820000000000000e+2	-1.203780000000000e-1		3.820000000000000e+2	-3.671829999999999e-2
	3.830000000000000e+2	-1.614650000000000e-1		3.830000000000000e+2	-9.579270000000002e-2
	3.840000000000000e+2	-1.954380000000000e-1		3.840000000000000e+2	-1.497140000000000e-1
	3.850000000000000e+2	-2.198070000000000e-1		3.850000000000000e+2	-1.828050000000000e-1
	3.860000000000000e+2	-2.339930000000000e-1		3.860000000000000e+2	-1.868140000000000e-1
	3.870000000000000e+2	-2.389700000000000e-1		3.870000000000000e+2	-1.635300000000000e-1
	3.880000000000000e+2	-2.360590000000000e-1		3.880000000000000e+2	-1.236640000000000e-1
	3.890000000000000e+2	-2.263640000000000e-1		3.890000000000000e+2	-8.305280000000002e-2
	3.900000000000000e+2	-2.110260000000000e-1		3.900000000000000e+2	-5.649870000000000e-2
	3.910000000000000e+2	-1.915240000000000e-1		3.910000000000000e+2	-5.105460000000000e-2
	3.920000000000000e+2	-1.696310000000000e-1		3.920000000000000e+2	-6.289860000000000e-2
	3.930000000000000e+2	-1.468990000000000e-1		3.930000000000000e+2	-8.001780000000000e-2
	3.940000000000000e+2	-1.240190000000000e-1		3.940000000000000e+2	-8.866990000000000e-2
	3.950000000000000e+2	-1.009780000000000e-1		3.950000000000000e+2	-7.982779999999998e-2
	3.960000000000000e+2	-7.815140000000002e-2		3.960000000000000e+2	-5.274230000000000e-2
	3.970000000000000e+2	-5.707720000000000e-2		3.970000000000000e+2	-1.463970000000000e-2
	3.980000000000000e+2	-3.979210000000000e-2		3.980000000000000e+2	2.246400000000000e-2
	3.990000000000000e+2	-2.735620000000000e-2		3.990000000000000e+2	4.664560000000000e-2
	4.000000000000000e+2	-1.909460000000000e-2		4.000000000000000e+2	5.127490000000000e-2
	4.010000000000000e+2	-1.327100000000000e-2		4.010000000000000e+2	3.807460000000000e-2
	4.020000000000000e+2	-8.423370000000000e-3		4.020000000000000e+2	1.636600000000000e-2
	4.030000000000000e+2	-4.426450000000000e-3		4.030000000000000e+2	-1.095910000000000e-3
	4.040000000000000e+2	-1.939220000000000e-3		4.040000000000000e+2	-3.860530000000000e-3
	4.050000000000000e+2	-5.318889999999999e-4		4.050000000000000e+2	1.174630000000000e-2
	4.060000000000000e+2	2.074270000000000e-3		4.060000000000000e+2	4.144280000000000e-2
	4.070000000000000e+2	8.692040000000000e-3		4.070000000000000e+2	7.489530000000000e-2
	4.080000000000000e+2	2.054560000000000e-2		4.080000000000000e+2	1.002020000000000e-1
	4.090000000000000e+2	3.634720000000000e-2		4.090000000000000e+2	1.096900000000000e-1
	4.100000000000000e+2	5.365780000000000e-2		4.100000000000000e+2	1.033210000000000e-1
	4.110000000000000e+2	7.099420000000001e-2		4.110000000000000e+2	8.818950000000000e-2
	4.120000000000000e+2	8.800110000000000e-2		4.120000000000000e+2	7.506960000000000e-2
	4.130000000000000e+2	1.040710000000000e-1		4.130000000000000e+2	7.331009999999998e-2
	4.140000000000000e+2	1.172720000000000e-1		4.140000000000000e+2	8.660420000000000e-2
	4.150000000000000e+2	1.253180000000000e-1		4.150000000000000e+2	1.114210000000000e-1
	4.160000000000000e+2	1.272850000000000e-1		4.160000000000000e+2	1.383060000000000e-1
	4.170000000000000e+2	1.238390000000000e-1		4.170000000000000e+2	1.556220000000000e-1
	4.180000000000000e+2	1.164620000000000e-1		4.180000000000000e+2	1.546770000000000e-1
	4.190000000000000e+2	1.063240000000000e-1		4.190000000000000e+2	1.337000000000000e-1
	4.200000000000000e+2	9.332280000000000e-2		4.200000000000000e+2	9.866980000000000e-2
	4.210000000000000e+2	7.621180000000000e-2		4.210000000000000e+2	6.070490000000000e-2
	4.220000000000000e+2	5.416720000000000e-2		4.220000000000000e+2	3.110250000000000e-2
	4.230000000000000e+2	2.813460000000000e-2		4.230000000000000e+2	1.650280000000000e-2
	4.240000000000000e+2	5.069350000000000e-4		4.240000000000000e+2	1.635180000000000e-2
	4.250000000000000e+2	-2.635240000000000e-2		4.250000000000000e+2	2.353870000000000e-2
	4.260000000000000e+2	-5.092160000000000e-2		4.260000000000000e+2	2.763300000000000e-2
	4.270000000000000e+2	-7.220860000000000e-2		4.270000000000000e+2	1.962250000000000e-2
	4.280000000000000e+2	-8.952950000000000e-2		4.280000000000000e+2	-3.596450000000000e-3
	4.290000000000000e+2	-1.023050000000000e-1		4.290000000000000e+2	-3.732190000000000e-2
	4.300000000000000e+2	-1.101990000000000e-1		4.300000000000000e+2	-7.083839999999999e-2
	4.310000000000000e+2	-1.138180000000000e-1		4.310000000000000e+2	-9.227690000000002e-2
	4.320000000000000e+2	-1.150130000000000e-1		4.320000000000000e+2	-9.399630000000000e-2
	4.330000000000000e+2	-1.162300000000000e-1		4.330000000000000e+2	-7.588310000000000e-2
	4.340000000000000e+2	-1.192640000000000e-1		4.340000000000000e+2	-4.535050000000000e-2
	4.350000000000000e+2	-1.248290000000000e-1		4.350000000000000e+2	-1.409610000000000e-2
	4.360000000000000e+2	-1.329990000000000e-1		4.360000000000000e+2	6.571250000000000e-3
	4.370000000000000e+2	-1.433610000000000e-1		4.370000000000000e+2	1.038510000000000e-2
	4.380000000000000e+2	-1.550880000000000e-1		4.380000000000000e+2	-6.556410000000000e-4
	4.390000000000000e+2	-1.663880000000000e-1		4.390000000000000e+2	-1.727020000000000e-2
	4.400000000000000e+2	-1.745210000000000e-1		4.400000000000000e+2	-2.768210000000000e-2
	4.410000000000000e+2	-1.769450000000000e-1		4.410000000000000e+2	-2.302250000000000e-2
	4.420000000000000e+2	-1.721040000000000e-1		4.420000000000000e+2	-1.314270000000000e-3
	4.430000000000000e+2	-1.601570000000000e-1		4.430000000000000e+2	3.141040000000000e-2
	4.440000000000000e+2	-1.426060000000000e-1		4.440000000000000e+2	6.321200000000001e-2
	4.450000000000000e+2	-1.206770000000000e-1		4.450000000000000e+2	8.178290000000000e-2
	4.460000000000000e+2	-9.450610000000000e-2		4.460000000000000e+2	8.069850000000000e-2
	4.470000000000000e+2	-6.368580000000000e-2		4.470000000000000e+2	6.246860000000000e-2
	4.480000000000000e+2	-2.823870000000000e-2		4.480000000000000e+2	3.721520000000000e-2
	4.490000000000000e+2	1.067320000000000e-2		4.490000000000000e+2	1.815150000000000e-2
	4.500000000000000e+2	5.146600000000000e-2		4.500000000000000e+2	1.622390000000000e-2
	4.510000000000000e+2	9.286720000000002e-2		4.510000000000000e+2	3.576600000000001e-2
	4.520000000000000e+2	1.331850000000000e-1		4.520000000000000e+2	7.273580000000000e-2
	4.530000000000000e+2	1.700030000000000e-1		4.530000000000000e+2	1.160370000000000e-1
	4.540000000000000e+2	2.004660000000000e-1		4.540000000000000e+2	1.518480000000000e-1
	4.550000000000000e+2	2.220420000000000e-1		4.550000000000000e+2	1.696560000000000e-1
	4.560000000000000e+2	2.336700000000000e-1		4.560000000000000e+2	1.673080000000000e-1
	4.570000000000000e+2	2.362500000000000e-1		4.570000000000000e+2	1.518200000000000e-1
	4.580000000000000e+2	2.318740000000000e-1		4.580000000000000e+2	1.352370000000000e-1
	4.590000000000000e+2	2.219290000000000e-1		4.590000000000000e+2	1.286790000000000e-1
	4.600000000000000e+2	2.060150000000000e-1		4.600000000000000e+2	1.375750000000000e-1
	4.610000000000000e+2	1.834690000000000e-1		4.610000000000000e+2	1.592710000000000e-1
	4.620000000000000e+2	1.540650000000000e-1		4.620000000000000e+2	1.836340000000000e-1
	4.630000000000000e+2	1.193380000000000e-1		4.630000000000000e+2	1.967590000000000e-1
	4.640000000000000e+2	8.175750000000002e-2		4.640000000000000e+2	1.874960000000000e-1
	4.650000000000000e+2	4.357770000000000e-2		4.650000000000000e+2	1.531840000000000e-1
	4.660000000000000e+2	6.371390000000000e-3		4.660000000000000e+2	1.014340000000000e-1
	4.670000000000000e+2	-2.852970000000000e-2		4.670000000000000e+2	4.681759999999999e-2
	4.680000000000000e+2	-5.940700000000000e-2		4.680000000000000e+2	4.127500000000000e-3
	4.690000000000000e+2	-8.376390000000000e-2		4.690000000000000e+2	-1.737960000000000e-2
	4.700000000000000e+2	-9.934170000000000e-2		4.700000000000000e+2	-1.686980000000000e-2
	4.710000000000000e+2	-1.058370000000000e-1		4.710000000000000e+2	-1.584890000000000e-3
	4.720000000000000e+2	-1.051880000000000e-1		4.720000000000000e+2	1.624500000000000e-2
	4.730000000000000e+2	-9.980120000000000e-2		4.730000000000000e+2	2.430760000000000e-2
	4.740000000000000e+2	-9.080340000000000e-2		4.740000000000000e+2	1.540930000000000e-2
	4.750000000000000e+2	-7.858250000000000e-2		4.750000000000000e+2	-8.312940000000002e-3
	4.760000000000000e+2	-6.401989999999999e-2		4.760000000000000e+2	-3.643650000000000e-2
	4.770000000000000e+2	-4.904080000000000e-2		4.770000000000000e+2	-5.634849999999999e-2
	4.780000000000000e+2	-3.608360000000000e-2		4.780000000000000e+2	-5.840430000000000e-2
	4.790000000000000e+2	-2.663310000000000e-2		4.790000000000000e+2	-4.077029999999999e-2
	4.800000000000000e+2	-2.072600000000000e-2		4.800000000000000e+2	-1.052270000000000e-2
	4.810000000000000e+2	-1.781380000000000e-2		4.810000000000000e+2	1.885910000000000e-2
	4.820000000000000e+2	-1.769440000000000e-2		4.820000000000000e+2	3.321910000000000e-2
	4.830000000000000e+2	-2.109470000000000e-2		4.830000000000000e+2	2.455210000000000e-2
	4.840000000000000e+2	-2.921170000000000e-2		4.840000000000000e+2	-4.793660000000000e-3
	4.850000000000000e+2	-4.202590000000000e-2		4.850000000000000e+2	-4.314220000000000e-2
	4.860000000000000e+2	-5.731910000000000e-2		4.860000000000000e+2	-7.468950000000000e-2
	4.870000000000000e+2	-7.175229999999999e-2		4.870000000000000e+2	-8.592040000000000e-2
	4.880000000000000e+2	-8.261410000000000e-2		4.880000000000000e+2	-7.069069999999999e-2
	4.890000000000000e+2	-8.838000000000000e-2		4.890000000000000e+2	-3.250960000000000e-2
	4.900000000000000e+2	-8.814420000000000e-2		4.900000000000000e+2	1.653720000000000e-2
	4.910000000000000e+2	-8.142970000000000e-2		4.910000000000000e+2	6.009040000000000e-2
	4.920000000000000e+2	-6.845020000000000e-2		4.920000000000000e+2	8.404280000000000e-2
	4.930000000000000e+2	-5.000470000000000e-2		4.930000000000000e+2	8.307620000000000e-2
	4.940000000000000e+2	-2.764180000000000e-2		4.940000000000000e+2	6.341959999999999e-2
	4.950000000000000e+2	-2.959760000000000e-3		4.950000000000000e+2	3.900130000000000e-2
	4.960000000000000e+2	2.280830000000000e-2		4.960000000000000e+2	2.446860000000000e-2
	4.970000000000000e+2	4.930720000000000e-2		4.970000000000000e+2	2.929830000000000e-2
	4.980000000000000e+2	7.646980000000000e-2		4.980000000000000e+2	5.418350000000000e-2
	4.990000000000000e+2	1.034130000000000e-1		4.990000000000000e+2	9.082220000000000e-2
	5.000000000000000e+2	1.280560000000000e-1		5.000000000000000e+2	1.252710000000000e-1
	5.010000000000000e+2	1.479510000000000e-1		5.010000000000000e+2	1.437030000000000e-1
	5.020000000000000e+2	1.619290000000000e-1		5.020000000000000e+2	1.383340000000000e-1
	5.030000000000000e+2	1.700620000000000e-1		5.030000000000000e+2	1.113480000000000e-1
	5.040000000000000e+2	1.727180000000000e-1		5.040000000000000e+2	7.417040000000000e-2
	5.050000000000000e+2	1.702500000000000e-1		5.050000000000000e+2	4.179450000000000e-2
	5.060000000000000e+2	1.625710000000000e-1		5.060000000000000e+2	2.599900000000000e-2
	5.070000000000000e+2	1.494400000000000e-1		5.070000000000000e+2	3.101030000000000e-2
	5.080000000000000e+2	1.314770000000000e-1		5.080000000000000e+2	5.233270000000000e-2
	5.090000000000000e+2	1.107200000000000e-1		5.090000000000000e+2	7.858499999999998e-2
	5.100000000000000e+2	8.957400000000000e-2		5.100000000000000e+2	9.632260000000002e-2
	5.110000000000000e+2	6.935200000000000e-2		5.110000000000000e+2	9.569330000000000e-2
	5.120000000000000e+2	5.019530000000000e-2		5.120000000000000e+2	7.458230000000000e-2
	5.130000000000000e+2	3.223470000000000e-2		5.130000000000000e+2	3.993120000000000e-2
	5.140000000000000e+2	1.599820000000000e-2		5.140000000000000e+2	4.442580000000000e-3
	5.150000000000000e+2	1.597370000000000e-3		5.150000000000000e+2	-1.980840000000000e-2
	5.160000000000000e+2	-1.186840000000000e-2		5.160000000000000e+2	-2.668980000000000e-2
	5.170000000000000e+2	-2.624960000000000e-2		5.170000000000000e+2	-1.821070000000000e-2
	5.180000000000000e+2	-4.338260000000000e-2		5.180000000000000e+2	-3.500630000000000e-3
	5.190000000000000e+2	-6.378540000000001e-2		5.190000000000000e+2	5.233660000000000e-3
	5.200000000000000e+2	-8.606800000000000e-2		5.200000000000000e+2	-1.898290000000000e-3
	5.210000000000000e+2	-1.075160000000000e-1		5.210000000000000e+2	-2.799590000000000e-2
	5.220000000000000e+2	-1.256340000000000e-1		5.220000000000000e+2	-6.747680000000000e-2
	5.230000000000000e+2	-1.391610000000000e-1		5.230000000000000e+2	-1.083190000000000e-1
	5.240000000000000e+2	-1.477640000000000e-1		5.240000000000000e+2	-1.376010000000000e-1
	5.250000000000000e+2	-1.511300000000000e-1		5.250000000000000e+2	-1.470390000000000e-1
	5.260000000000000e+2	-1.485010000000000e-1		5.260000000000000e+2	-1.360660000000000e-1
	5.270000000000000e+2	-1.392540000000000e-1		5.270000000000000e+2	-1.117210000000000e-1
	5.280000000000000e+2	-1.237320000000000e-1		5.280000000000000e+2	-8.572940000000002e-2
	5.290000000000000e+2	-1.035110000000000e-1		5.290000000000000e+2	-6.974070000000000e-2
	5.300000000000000e+2	-8.057579999999998e-2		5.300000000000000e+2	-7.011120000000000e-2
	5.310000000000000e+2	-5.625630000000000e-2		5.310000000000000e+2	-8.463989999999998e-2
	5.320000000000000e+2	-3.110180000000000e-2		5.320000000000000e+2	-1.034600000000000e-1
	5.330000000000000e+2	-5.340119999999999e-3		5.330000000000000e+2	-1.140640000000000e-1
	5.340000000000000e+2	2.052960000000000e-2		5.340000000000000e+2	-1.073530000000000e-1
	5.350000000000000e+2	4.555140000000000e-2		5.350000000000000e+2	-8.124510000000000e-2
	5.360000000000000e+2	6.911739999999999e-2		5.360000000000000e+2	-4.110700000000000e-2
	5.370000000000000e+2	9.153740000000000e-2		5.370000000000000e+2	2.446880000000000e-3
	5.380000000000000e+2	1.131200000000000e-1		5.380000000000000e+2	3.772040000000000e-2
	5.390000000000000e+2	1.329930000000000e-1		5.390000000000000e+2	5.668360000000000e-2
	5.400000000000000e+2	1.490980000000000e-1		5.400000000000000e+2	5.831340000000000e-2
	5.410000000000000e+2	1.592340000000000e-1		5.410000000000000e+2	4.865820000000000e-2
	5.420000000000000e+2	1.621890000000000e-1		5.420000000000000e+2	3.783699999999999e-2
	5.430000000000000e+2	1.579960000000000e-1		5.430000000000000e+2	3.534530000000000e-2
	5.440000000000000e+2	1.475480000000000e-1		5.440000000000000e+2	4.570790000000000e-2
	5.450000000000000e+2	1.322790000000000e-1		5.450000000000000e+2	6.667920000000001e-2
	5.460000000000000e+2	1.136440000000000e-1		5.460000000000000e+2	9.036930000000000e-2
	5.470000000000000e+2	9.288350000000000e-2		5.470000000000000e+2	1.065360000000000e-1
	5.480000000000000e+2	7.150110000000000e-2		5.480000000000000e+2	1.069930000000000e-1
	5.490000000000000e+2	5.146780000000000e-2		5.490000000000000e+2	8.966750000000000e-2
	5.500000000000000e+2	3.455030000000000e-2		5.500000000000000e+2	6.043430000000000e-2
	5.510000000000000e+2	2.157910000000000e-2		5.510000000000000e+2	3.038880000000000e-2
	5.520000000000000e+2	1.231400000000000e-2		5.520000000000000e+2	1.034900000000000e-2
	5.530000000000000e+2	6.080980000000001e-3		5.530000000000000e+2	6.404760000000000e-3
	5.540000000000000e+2	2.345090000000000e-3		5.540000000000000e+2	1.771140000000000e-2
	5.550000000000000e+2	8.129700000000000e-4		5.550000000000000e+2	3.720070000000000e-2
	5.560000000000000e+2	1.232780000000000e-3		5.560000000000000e+2	5.471150000000000e-2
	5.570000000000000e+2	3.257500000000000e-3		5.570000000000000e+2	6.124110000000000e-2
	5.580000000000000e+2	6.564930000000000e-3		5.580000000000000e+2	5.274580000000000e-2
	5.590000000000000e+2	1.092340000000000e-2		5.590000000000000e+2	3.183710000000000e-2
	5.600000000000000e+2	1.617320000000000e-2		5.600000000000000e+2	6.427050000000000e-3
	5.610000000000000e+2	2.166570000000000e-2		5.610000000000000e+2	-1.418140000000000e-2
	5.620000000000000e+2	2.581820000000000e-2		5.620000000000000e+2	-2.381220000000000e-2
	5.630000000000000e+2	2.592280000000000e-2		5.630000000000000e+2	-2.224770000000000e-2
	5.640000000000000e+2	1.979910000000000e-2		5.640000000000000e+2	-1.530370000000000e-2
	5.650000000000000e+2	7.114330000000000e-3		5.650000000000000e+2	-1.224620000000000e-2
	5.660000000000000e+2	-1.125460000000000e-2		5.660000000000000e+2	-2.161210000000000e-2
	5.670000000000000e+2	-3.329970000000000e-2		5.670000000000000e+2	-4.726700000000000e-2
	5.680000000000000e+2	-5.639600000000000e-2		5.680000000000000e+2	-8.621110000000000e-2
	5.690000000000000e+2	-7.807000000000000e-2		5.690000000000000e+2	-1.293460000000000e-1
	5.700000000000000e+2	-9.641230000000000e-2		5.700000000000000e+2	-1.652480000000000e-1
	5.710000000000000e+2	-1.098670000000000e-1		5.710000000000000e+2	-1.849960000000000e-1
	5.720000000000000e+2	-1.170940000000000e-1		5.720000000000000e+2	-1.857050000000000e-1
	5.730000000000000e+2	-1.178720000000000e-1		5.730000000000000e+2	-1.711980000000000e-1
	5.740000000000000e+2	-1.133030000000000e-1		5.740000000000000e+2	-1.496400000000000e-1
	5.750000000000000e+2	-1.048150000000000e-1		5.750000000000000e+2	-1.295600000000000e-1
	5.760000000000000e+2	-9.279480000000000e-2		5.760000000000000e+2	-1.159860000000000e-1
	5.770000000000000e+2	-7.647300000000000e-2		5.770000000000000e+2	-1.081290000000000e-1
	5.780000000000000e+2	-5.533320000000000e-2		5.780000000000000e+2	-1.003790000000000e-1
	5.790000000000000e+2	-3.008400000000000e-2		5.790000000000000e+2	-8.533330000000000e-2
	5.800000000000000e+2	-2.778150000000000e-3		5.800000000000000e+2	-5.747560000000000e-2
	5.810000000000000e+2	2.397660000000000e-2		5.810000000000000e+2	-1.658320000000000e-2
	5.820000000000000e+2	4.817060000000000e-2		5.820000000000000e+2	3.114250000000000e-2
	5.830000000000000e+2	6.907450000000001e-2		5.830000000000000e+2	7.468559999999998e-2
	5.840000000000000e+2	8.679710000000000e-2		5.840000000000000e+2	1.024560000000000e-1
	5.850000000000000e+2	1.012300000000000e-1		5.850000000000000e+2	1.076330000000000e-1
	5.860000000000000e+2	1.117210000000000e-1		5.860000000000000e+2	9.164309999999998e-2
	5.870000000000000e+2	1.179830000000000e-1		5.870000000000000e+2	6.339810000000000e-2
	5.880000000000000e+2	1.210000000000000e-1		5.880000000000000e+2	3.519330000000000e-2
	5.890000000000000e+2	1.224130000000000e-1		5.890000000000000e+2	1.786550000000000e-2
	5.900000000000000e+2	1.230180000000000e-1		5.900000000000000e+2	1.681620000000000e-2
	5.910000000000000e+2	1.222680000000000e-1		5.910000000000000e+2	3.019880000000000e-2
	5.920000000000000e+2	1.192850000000000e-1		5.920000000000000e+2	5.003200000000000e-2
	5.930000000000000e+2	1.134940000000000e-1		5.930000000000000e+2	6.582230000000000e-2
	5.940000000000000e+2	1.046660000000000e-1		5.940000000000000e+2	6.948070000000001e-2
	5.950000000000000e+2	9.321440000000000e-2		5.950000000000000e+2	5.939070000000000e-2
	5.960000000000000e+2	8.070630000000002e-2		5.960000000000000e+2	4.125700000000000e-2
	5.970000000000000e+2	6.915160000000001e-2		5.970000000000000e+2	2.524150000000000e-2
	5.980000000000000e+2	5.973530000000000e-2		5.980000000000000e+2	2.118360000000000e-2
	5.990000000000000e+2	5.309500000000000e-2		5.990000000000000e+2	3.431450000000000e-2
	6.000000000000000e+2	4.967470000000000e-2		6.000000000000000e+2	6.273540000000000e-2
	6.010000000000000e+2	4.903260000000000e-2		6.010000000000000e+2	9.732750000000002e-2
	6.020000000000000e+2	4.924100000000000e-2		6.020000000000000e+2	1.247870000000000e-1
	6.030000000000000e+2	4.737710000000000e-2		6.030000000000000e+2	1.330100000000000e-1
	6.040000000000000e+2	4.086260000000000e-2		6.040000000000000e+2	1.162690000000000e-1
	6.050000000000000e+2	2.865970000000000e-2		6.050000000000000e+2	7.765270000000000e-2
	6.060000000000000e+2	1.168770000000000e-2		6.060000000000000e+2	2.756540000000000e-2
	6.070000000000000e+2	-7.363970000000000e-3		6.070000000000000e+2	-2.090530000000000e-2
	6.080000000000000e+2	-2.503300000000000e-2		6.080000000000000e+2	-5.736540000000000e-2
	6.090000000000000e+2	-3.900270000000000e-2		6.090000000000000e+2	-7.789210000000000e-2
	6.100000000000000e+2	-4.908610000000000e-2		6.100000000000000e+2	-8.585450000000000e-2
	6.110000000000000e+2	-5.624770000000000e-2		6.110000000000000e+2	-8.975660000000000e-2
	6.120000000000000e+2	-6.142360000000000e-2		6.120000000000000e+2	-9.903469999999998e-2
	6.130000000000000e+2	-6.513300000000000e-2		6.130000000000000e+2	-1.192470000000000e-1
	6.140000000000000e+2	-6.752330000000001e-2		6.140000000000000e+2	-1.486380000000000e-1
	6.150000000000000e+2	-6.844450000000001e-2		6.150000000000000e+2	-1.782080000000000e-1
	6.160000000000000e+2	-6.751340000000000e-2		6.160000000000000e+2	-1.957500000000000e-1
	6.170000000000000e+2	-6.402149999999999e-2		6.170000000000000e+2	-1.915210000000000e-1
	6.180000000000000e+2	-5.704570000000001e-2		6.180000000000000e+2	-1.624760000000000e-1
	6.190000000000000e+2	-4.614470000000000e-2		6.190000000000000e+2	-1.137800000000000e-1
	6.200000000000000e+2	-3.200080000000000e-2		6.200000000000000e+2	-5.756490000000000e-2
	6.210000000000000e+2	-1.642900000000000e-2		6.210000000000000e+2	-8.746760000000000e-3
	6.220000000000000e+2	-1.679630000000000e-3		6.220000000000000e+2	2.109990000000000e-2
	6.230000000000000e+2	1.046080000000000e-2		6.230000000000000e+2	2.868460000000000e-2
	6.240000000000000e+2	1.918520000000000e-2		6.240000000000000e+2	1.983490000000000e-2
	6.250000000000000e+2	2.449600000000000e-2		6.250000000000000e+2	6.042410000000000e-3
	6.260000000000000e+2	2.657000000000000e-2		6.260000000000000e+2	-9.733920000000002e-4
	6.270000000000000e+2	2.607450000000000e-2		6.270000000000000e+2	5.966200000000000e-3
	6.280000000000000e+2	2.420120000000000e-2		6.280000000000000e+2	2.688250000000000e-2
	6.290000000000000e+2	2.161910000000000e-2		6.290000000000000e+2	5.470490000000000e-2
	6.300000000000000e+2	1.900300000000000e-2		6.300000000000000e+2	7.814820000000000e-2
	6.310000000000000e+2	1.748530000000000e-2		6.310000000000000e+2	8.665400000000000e-2
	6.320000000000000e+2	1.769010000000000e-2		6.320000000000000e+2	7.547860000000000e-2
	6.330000000000000e+2	1.945670000000000e-2		6.330000000000000e+2	4.824310000000000e-2
	6.340000000000000e+2	2.270910000000000e-2		6.340000000000000e+2	1.571670000000000e-2
	6.350000000000000e+2	2.806990000000000e-2		6.350000000000000e+2	-8.678010000000000e-3
	6.360000000000000e+2	3.614590000000000e-2		6.360000000000000e+2	-1.453620000000000e-2
	6.370000000000000e+2	4.669360000000000e-2		6.370000000000000e+2	1.473310000000000e-3
	6.380000000000000e+2	5.919800000000000e-2		6.380000000000000e+2	3.432930000000000e-2
	6.390000000000000e+2	7.365640000000000e-2		6.390000000000000e+2	7.243269999999998e-2
	6.400000000000000e+2	9.029469999999998e-2		6.400000000000000e+2	1.023140000000000e-1
	6.410000000000000e+2	1.086790000000000e-1		6.410000000000000e+2	1.144560000000000e-1
	6.420000000000000e+2	1.269190000000000e-1		6.420000000000000e+2	1.072580000000000e-1
	6.430000000000000e+2	1.418400000000000e-1		6.430000000000000e+2	8.721560000000000e-2
	6.440000000000000e+2	1.503830000000000e-1		6.440000000000000e+2	6.527469999999999e-2
	6.450000000000000e+2	1.507410000000000e-1		6.450000000000000e+2	5.150110000000000e-2
	6.460000000000000e+2	1.428060000000000e-1		6.460000000000000e+2	5.081860000000000e-2
	6.470000000000000e+2	1.279900000000000e-1		6.470000000000000e+2	6.127879999999999e-2
	6.480000000000000e+2	1.079670000000000e-1		6.480000000000000e+2	7.513280000000000e-2
	6.490000000000000e+2	8.378810000000000e-2		6.490000000000000e+2	8.179879999999998e-2
	6.500000000000000e+2	5.650260000000000e-2		6.500000000000000e+2	7.207880000000000e-2
	6.510000000000000e+2	2.791400000000000e-2		6.510000000000000e+2	4.286819999999999e-2
	6.520000000000000e+2	5.318600000000000e-4		6.520000000000000e+2	-4.316170000000000e-4
	6.530000000000000e+2	-2.345890000000000e-2		6.530000000000000e+2	-4.593120000000000e-2
	6.540000000000000e+2	-4.294510000000000e-2		6.540000000000000e+2	-8.075400000000000e-2
	6.550000000000000e+2	-5.734450000000000e-2		6.550000000000000e+2	-9.658380000000000e-2
	6.560000000000000e+2	-6.650960000000000e-2		6.560000000000000e+2	-9.242880000000000e-2
	6.570000000000000e+2	-7.106380000000000e-2		6.570000000000000e+2	-7.452720000000000e-2
	6.580000000000000e+2	-7.193470000000001e-2		6.580000000000000e+2	-5.359870000000000e-2
	6.590000000000000e+2	-7.001990000000001e-2		6.590000000000000e+2	-4.020120000000000e-2
	6.600000000000000e+2	-6.664999999999998e-2		6.600000000000000e+2	-4.006680000000000e-2
	6.610000000000000e+2	-6.344569999999999e-2		6.610000000000000e+2	-5.159900000000000e-2
	6.620000000000000e+2	-6.088940000000000e-2		6.620000000000000e+2	-6.679830000000001e-2
	6.630000000000000e+2	-5.783250000000000e-2		6.630000000000000e+2	-7.518520000000000e-2
	6.640000000000000e+2	-5.270010000000000e-2		6.640000000000000e+2	-6.874869999999999e-2
	6.650000000000000e+2	-4.470350000000000e-2		6.650000000000000e+2	-4.544820000000000e-2
	6.660000000000000e+2	-3.434420000000000e-2		6.660000000000000e+2	-9.998010000000000e-3
	6.670000000000000e+2	-2.328030000000000e-2		6.670000000000000e+2	2.804680000000000e-2
	6.680000000000000e+2	-1.359880000000000e-2		6.680000000000000e+2	5.785840000000001e-2
	6.690000000000000e+2	-6.865860000000001e-3		6.690000000000000e+2	7.135129999999999e-2
	6.700000000000000e+2	-3.408590000000000e-3		6.700000000000000e+2	6.635620000000001e-2
	6.710000000000000e+2	-2.468110000000000e-3		6.710000000000000e+2	4.752249999999999e-2
	6.720000000000000e+2	-3.286250000000000e-3		6.720000000000000e+2	2.409030000000000e-2
	6.730000000000000e+2	-5.529320000000000e-3		6.730000000000000e+2	5.566650000000000e-3
	6.740000000000000e+2	-8.510330000000000e-3		6.740000000000000e+2	-2.318840000000000e-3
	6.750000000000000e+2	-1.079430000000000e-2		6.750000000000000e+2	5.081520000000000e-4
	6.760000000000000e+2	-1.055230000000000e-2		6.760000000000000e+2	9.352860000000002e-3
	6.770000000000000e+2	-6.853440000000000e-3		6.770000000000000e+2	1.750690000000000e-2
	6.780000000000000e+2	3.989240000000000e-4		6.780000000000000e+2	1.950780000000000e-2
	6.790000000000000e+2	1.101640000000000e-2		6.790000000000000e+2	1.403800000000000e-2
	6.800000000000000e+2	2.420080000000000e-2		6.800000000000000e+2	4.982630000000000e-3
	6.810000000000000e+2	3.885150000000000e-2		6.810000000000000e+2	-3.408820000000000e-4
	6.820000000000000e+2	5.373350000000000e-2		6.820000000000000e+2	5.194650000000000e-3
	6.830000000000000e+2	6.755670000000000e-2		6.830000000000000e+2	2.491620000000000e-2
	6.840000000000000e+2	7.939590000000000e-2		6.840000000000000e+2	5.651540000000000e-2
	6.850000000000000e+2	8.921390000000000e-2		6.850000000000000e+2	9.269680000000000e-2
	6.860000000000000e+2	9.764510000000000e-2		6.860000000000000e+2	1.239510000000000e-1
	6.870000000000000e+2	1.053830000000000e-1		6.870000000000000e+2	1.425110000000000e-1
	6.880000000000000e+2	1.120520000000000e-1		6.880000000000000e+2	1.456400000000000e-1
	6.890000000000000e+2	1.163180000000000e-1		6.890000000000000e+2	1.357260000000000e-1
	6.900000000000000e+2	1.171490000000000e-1		6.900000000000000e+2	1.192200000000000e-1
	6.910000000000000e+2	1.138750000000000e-1		6.910000000000000e+2	1.042390000000000e-1
	6.920000000000000e+2	1.061400000000000e-1		6.920000000000000e+2	9.626549999999998e-2
	6.930000000000000e+2	9.446380000000000e-2		6.930000000000000e+2	9.556860000000000e-2
	6.940000000000000e+2	8.051320000000000e-2		6.940000000000000e+2	9.711460000000000e-2
	6.950000000000000e+2	6.624239999999999e-2		6.950000000000000e+2	9.293370000000000e-2
	6.960000000000000e+2	5.310840000000000e-2		6.960000000000000e+2	7.627669999999998e-2
	6.970000000000000e+2	4.267840000000000e-2		6.970000000000000e+2	4.553670000000000e-2
	6.980000000000000e+2	3.638650000000000e-2		6.980000000000000e+2	5.285450000000001e-3
	6.990000000000000e+2	3.433950000000000e-2		6.990000000000000e+2	-3.568680000000000e-2
	7.000000000000000e+2	3.488640000000000e-2		7.000000000000000e+2	-6.777820000000000e-2
	7.010000000000000e+2	3.541430000000000e-2		7.010000000000000e+2	-8.413110000000000e-2
	7.020000000000000e+2	3.375840000000000e-2		7.020000000000000e+2	-8.312050000000000e-2
	7.030000000000000e+2	2.899850000000000e-2		7.030000000000000e+2	-6.900410000000000e-2
	7.040000000000000e+2	2.111010000000000e-2		7.040000000000000e+2	-5.020630000000000e-2
	7.050000000000000e+2	9.888020000000002e-3		7.050000000000000e+2	-3.570050000000000e-2
	7.060000000000000e+2	-4.598870000000000e-3		7.060000000000000e+2	-3.126710000000000e-2
	7.070000000000000e+2	-2.145020000000000e-2		7.070000000000000e+2	-3.720050000000000e-2
	7.080000000000000e+2	-3.905410000000000e-2		7.080000000000000e+2	-4.853830000000000e-2
	7.090000000000000e+2	-5.524060000000000e-2		7.090000000000000e+2	-5.783420000000000e-2
	7.100000000000000e+2	-6.809240000000000e-2		7.100000000000000e+2	-5.919380000000001e-2
	7.110000000000000e+2	-7.707159999999998e-2		7.110000000000000e+2	-5.070080000000001e-2
	7.120000000000000e+2	-8.334630000000002e-2		7.120000000000000e+2	-3.526350000000000e-2
	7.130000000000000e+2	-8.851680000000000e-2		7.130000000000000e+2	-1.997980000000000e-2
	7.140000000000000e+2	-9.342500000000000e-2		7.140000000000000e+2	-1.268640000000000e-2
	7.150000000000000e+2	-9.792470000000000e-2		7.150000000000000e+2	-1.793560000000000e-2
	7.160000000000000e+2	-1.009330000000000e-1		7.160000000000000e+2	-3.470800000000000e-2
	7.170000000000000e+2	-1.006240000000000e-1		7.170000000000000e+2	-5.693130000000001e-2
	7.180000000000000e+2	-9.498260000000000e-2		7.180000000000000e+2	-7.594850000000000e-2
	7.190000000000000e+2	-8.243690000000000e-2		7.190000000000000e+2	-8.386170000000000e-2
	7.200000000000000e+2	-6.254240000000000e-2		7.200000000000000e+2	-7.679280000000000e-2
	7.210000000000000e+2	-3.613530000000000e-2		7.210000000000000e+2	-5.655980000000000e-2
	7.220000000000000e+2	-5.332440000000000e-3		7.220000000000000e+2	-3.016650000000000e-2
	7.230000000000000e+2	2.634870000000000e-2		7.230000000000000e+2	-7.023840000000000e-3
	7.240000000000000e+2	5.489320000000000e-2		7.240000000000000e+2	5.588399999999999e-3
	7.250000000000000e+2	7.759930000000000e-2		7.250000000000000e+2	6.332620000000000e-3
	7.260000000000000e+2	9.404720000000000e-2		7.260000000000000e+2	1.355250000000000e-4
	7.270000000000000e+2	1.054190000000000e-1		7.270000000000000e+2	-4.527759999999999e-3
	7.280000000000000e+2	1.131430000000000e-1		7.280000000000000e+2	4.475970000000000e-4
	7.290000000000000e+2	1.187010000000000e-1		7.290000000000000e+2	1.915290000000000e-2
	7.300000000000000e+2	1.229920000000000e-1		7.300000000000000e+2	4.972559999999999e-2
	7.310000000000000e+2	1.257440000000000e-1		7.310000000000000e+2	8.477860000000000e-2
	7.320000000000000e+2	1.266210000000000e-1		7.320000000000000e+2	1.142270000000000e-1
	7.330000000000000e+2	1.257500000000000e-1		7.330000000000000e+2	1.294760000000000e-1
	7.340000000000000e+2	1.235730000000000e-1		7.340000000000000e+2	1.269700000000000e-1
	7.350000000000000e+2	1.204890000000000e-1		7.350000000000000e+2	1.094000000000000e-1
	7.360000000000000e+2	1.168970000000000e-1		7.360000000000000e+2	8.435980000000000e-2
	7.370000000000000e+2	1.135540000000000e-1		7.370000000000000e+2	6.136739999999999e-2
	7.380000000000000e+2	1.115240000000000e-1		7.380000000000000e+2	4.799540000000000e-2
	7.390000000000000e+2	1.111590000000000e-1		7.390000000000000e+2	4.659600000000000e-2
	7.400000000000000e+2	1.118780000000000e-1		7.400000000000000e+2	5.328300000000000e-2
	7.410000000000000e+2	1.130550000000000e-1		7.410000000000000e+2	5.952040000000000e-2
	7.420000000000000e+2	1.139870000000000e-1		7.420000000000000e+2	5.586620000000000e-2
	7.430000000000000e+2	1.138460000000000e-1		7.430000000000000e+2	3.653800000000000e-2
	7.440000000000000e+2	1.118750000000000e-1		7.440000000000000e+2	2.756420000000000e-3
	7.450000000000000e+2	1.073320000000000e-1		7.450000000000000e+2	-3.739690000000000e-2
	7.460000000000000e+2	9.939110000000002e-2		7.460000000000000e+2	-7.275850000000000e-2
	7.470000000000000e+2	8.733740000000000e-2		7.470000000000000e+2	-9.391850000000000e-2
	7.480000000000000e+2	7.124450000000000e-2		7.480000000000000e+2	-9.684680000000000e-2
	7.490000000000000e+2	5.209530000000001e-2		7.490000000000000e+2	-8.433000000000000e-2
	7.500000000000000e+2	3.086900000000000e-2		7.500000000000000e+2	-6.488170000000000e-2
	7.510000000000000e+2	7.702910000000000e-3		7.510000000000000e+2	-4.954330000000000e-2
	7.520000000000000e+2	-1.760990000000000e-2		7.520000000000000e+2	-4.732410000000000e-2
	7.530000000000000e+2	-4.464690000000000e-2		7.530000000000000e+2	-6.089779999999999e-2
	7.540000000000000e+2	-7.221899999999998e-2		7.540000000000000e+2	-8.535950000000000e-2
	7.550000000000000e+2	-9.867930000000000e-2		7.550000000000000e+2	-1.108800000000000e-1
	7.560000000000000e+2	-1.221950000000000e-1		7.560000000000000e+2	-1.272940000000000e-1
	7.570000000000000e+2	-1.410800000000000e-1		7.570000000000000e+2	-1.283630000000000e-1
	7.580000000000000e+2	-1.543400000000000e-1		7.580000000000000e+2	-1.142390000000000e-1
	7.590000000000000e+2	-1.615940000000000e-1		7.590000000000000e+2	-9.143559999999998e-2
	7.600000000000000e+2	-1.625300000000000e-1		7.600000000000000e+2	-7.030540000000001e-2
	7.610000000000000e+2	-1.569590000000000e-1		7.610000000000000e+2	-6.084820000000000e-2
	7.620000000000000e+2	-1.456450000000000e-1		7.620000000000000e+2	-6.812360000000001e-2
	7.630000000000000e+2	-1.302740000000000e-1		7.630000000000000e+2	-8.953580000000000e-2
	7.640000000000000e+2	-1.122420000000000e-1		7.640000000000000e+2	-1.157080000000000e-1
	7.650000000000000e+2	-9.180229999999998e-2		7.650000000000000e+2	-1.344230000000000e-1
	7.660000000000000e+2	-6.825130000000000e-2		7.660000000000000e+2	-1.358600000000000e-1
	7.670000000000000e+2	-4.119410000000000e-2		7.670000000000000e+2	-1.165590000000000e-1
	7.680000000000000e+2	-1.152370000000000e-2		7.680000000000000e+2	-8.050870000000000e-2
	7.690000000000000e+2	1.865160000000000e-2		7.690000000000000e+2	-3.735690000000000e-2
	7.700000000000000e+2	4.657170000000000e-2		7.700000000000000e+2	1.503250000000000e-3
	7.710000000000000e+2	6.971160000000000e-2		7.710000000000000e+2	2.750040000000000e-2
	7.720000000000000e+2	8.702779999999998e-2		7.720000000000000e+2	3.825990000000000e-2
	7.730000000000000e+2	9.900940000000000e-2		7.730000000000000e+2	3.813669999999999e-2
	7.740000000000000e+2	1.064820000000000e-1		7.740000000000000e+2	3.555800000000000e-2
	7.750000000000000e+2	1.100330000000000e-1		7.750000000000000e+2	3.883470000000000e-2
	7.760000000000000e+2	1.104980000000000e-1		7.760000000000000e+2	5.233280000000000e-2
	7.770000000000000e+2	1.094550000000000e-1		7.770000000000000e+2	7.432580000000002e-2
	7.780000000000000e+2	1.087470000000000e-1		7.780000000000000e+2	9.757120000000002e-2
	7.790000000000000e+2	1.092670000000000e-1		7.790000000000000e+2	1.122420000000000e-1
	7.800000000000000e+2	1.107610000000000e-1		7.800000000000000e+2	1.101240000000000e-1
	7.810000000000000e+2	1.125410000000000e-1		7.810000000000000e+2	8.883859999999998e-2
	7.820000000000000e+2	1.139040000000000e-1		7.820000000000000e+2	5.321280000000000e-2
	7.830000000000000e+2	1.146070000000000e-1		7.830000000000000e+2	1.277920000000000e-2
	7.840000000000000e+2	1.149960000000000e-1		7.840000000000000e+2	-2.235860000000000e-2
	7.850000000000000e+2	1.153210000000000e-1		7.850000000000000e+2	-4.527520000000000e-2
	7.860000000000000e+2	1.147980000000000e-1		7.860000000000000e+2	-5.447120000000001e-2
	7.870000000000000e+2	1.118540000000000e-1		7.870000000000000e+2	-5.402480000000000e-2
	7.880000000000000e+2	1.055210000000000e-1		7.880000000000000e+2	-5.155340000000000e-2
	7.890000000000000e+2	9.605090000000000e-2		7.890000000000000e+2	-5.465310000000000e-2
	7.900000000000000e+2	8.354750000000000e-2		7.900000000000000e+2	-6.721710000000000e-2
	7.910000000000000e+2	6.775190000000000e-2		7.910000000000000e+2	-8.755180000000000e-2
	7.920000000000000e+2	4.913840000000000e-2		7.920000000000000e+2	-1.092850000000000e-1
	7.930000000000000e+2	2.868390000000000e-2		7.930000000000000e+2	-1.244160000000000e-1
	7.940000000000000e+2	7.633960000000000e-3		7.940000000000000e+2	-1.270140000000000e-1
	7.950000000000000e+2	-1.247620000000000e-2		7.950000000000000e+2	-1.159690000000000e-1
	7.960000000000000e+2	-3.044280000000000e-2		7.960000000000000e+2	-9.590450000000000e-2
	7.970000000000000e+2	-4.581650000000000e-2		7.970000000000000e+2	-7.583050000000002e-2
	7.980000000000000e+2	-5.902310000000000e-2		7.980000000000000e+2	-6.564620000000000e-2
	7.990000000000000e+2	-7.112620000000000e-2		7.990000000000000e+2	-7.195109999999999e-2
	8.000000000000000e+2	-8.297190000000000e-2		8.000000000000000e+2	-9.507320000000000e-2
	8.010000000000000e+2	-9.510240000000000e-2		8.010000000000000e+2	-1.285390000000000e-1
	8.020000000000000e+2	-1.079210000000000e-1		8.020000000000000e+2	-1.616970000000000e-1
	8.030000000000000e+2	-1.210340000000000e-1		8.030000000000000e+2	-1.842590000000000e-1
	8.040000000000000e+2	-1.328850000000000e-1		8.040000000000000e+2	-1.901090000000000e-1
	8.050000000000000e+2	-1.412610000000000e-1		8.050000000000000e+2	-1.790560000000000e-1
	8.060000000000000e+2	-1.439030000000000e-1		8.060000000000000e+2	-1.563490000000000e-1
	8.070000000000000e+2	-1.396070000000000e-1		8.070000000000000e+2	-1.301220000000000e-1
	8.080000000000000e+2	-1.291540000000000e-1		8.080000000000000e+2	-1.085170000000000e-1
	8.090000000000000e+2	-1.148290000000000e-1		8.090000000000000e+2	-9.622499999999998e-2
	8.100000000000000e+2	-9.916680000000000e-2		8.100000000000000e+2	-9.180240000000000e-2
	8.110000000000000e+2	-8.380080000000002e-2		8.110000000000000e+2	-8.895880000000000e-2
	8.120000000000000e+2	-6.933599999999999e-2		8.120000000000000e+2	-8.042110000000000e-2
	8.130000000000000e+2	-5.607980000000000e-2		8.130000000000000e+2	-6.169510000000000e-2
	8.140000000000000e+2	-4.425140000000000e-2		8.140000000000000e+2	-3.327840000000000e-2
	8.150000000000000e+2	-3.334350000000000e-2		8.150000000000000e+2	-6.753669999999999e-4
	8.160000000000000e+2	-2.175490000000000e-2		8.160000000000000e+2	2.800370000000000e-2
	8.170000000000000e+2	-7.537790000000000e-3		8.170000000000000e+2	4.561700000000000e-2
	8.180000000000000e+2	1.015680000000000e-2		8.180000000000000e+2	4.889860000000000e-2
	8.190000000000000e+2	3.065400000000000e-2		8.190000000000000e+2	3.973730000000000e-2
	8.200000000000000e+2	5.246640000000000e-2		8.200000000000000e+2	2.449530000000000e-2
	8.210000000000000e+2	7.406040000000002e-2		8.210000000000000e+2	1.137960000000000e-2
	8.220000000000000e+2	9.463070000000000e-2		8.220000000000000e+2	6.997630000000000e-3
	8.230000000000000e+2	1.145410000000000e-1		8.230000000000000e+2	1.376420000000000e-2
	8.240000000000000e+2	1.341610000000000e-1		8.240000000000000e+2	2.910080000000000e-2
	8.250000000000000e+2	1.526130000000000e-1		8.250000000000000e+2	4.669130000000000e-2
	8.260000000000000e+2	1.682070000000000e-1		8.260000000000000e+2	5.917240000000000e-2
	8.270000000000000e+2	1.796090000000000e-1		8.270000000000000e+2	6.150770000000000e-2
	8.280000000000000e+2	1.864700000000000e-1		8.280000000000000e+2	5.344800000000000e-2
	8.290000000000000e+2	1.890560000000000e-1		8.290000000000000e+2	3.944360000000000e-2
	8.300000000000000e+2	1.870760000000000e-1		8.300000000000000e+2	2.631340000000000e-2
	8.310000000000000e+2	1.791160000000000e-1		8.310000000000000e+2	1.973770000000000e-2
	8.320000000000000e+2	1.634750000000000e-1		8.320000000000000e+2	2.126070000000000e-2
	8.330000000000000e+2	1.392360000000000e-1		8.330000000000000e+2	2.731280000000000e-2
	8.340000000000000e+2	1.072550000000000e-1		8.340000000000000e+2	3.069880000000000e-2
	8.350000000000000e+2	7.015310000000000e-2		8.350000000000000e+2	2.410730000000000e-2
	8.360000000000000e+2	3.105070000000000e-2		8.360000000000000e+2	3.762820000000000e-3
	8.370000000000000e+2	-7.581750000000000e-3		8.370000000000000e+2	-2.896920000000000e-2
	8.380000000000000e+2	-4.391400000000000e-2		8.380000000000000e+2	-6.823280000000000e-2
	8.390000000000000e+2	-7.623030000000000e-2		8.390000000000000e+2	-1.058130000000000e-1
	8.400000000000000e+2	-1.030440000000000e-1		8.400000000000000e+2	-1.341460000000000e-1
	8.410000000000000e+2	-1.236650000000000e-1		8.410000000000000e+2	-1.490970000000000e-1
	8.420000000000000e+2	-1.385980000000000e-1		8.420000000000000e+2	-1.513220000000000e-1
	8.430000000000000e+2	-1.490510000000000e-1		8.430000000000000e+2	-1.457110000000000e-1
	8.440000000000000e+2	-1.561340000000000e-1		8.440000000000000e+2	-1.389120000000000e-1
	8.450000000000000e+2	-1.600400000000000e-1		8.450000000000000e+2	-1.358840000000000e-1
	8.460000000000000e+2	-1.598810000000000e-1		8.460000000000000e+2	-1.375400000000000e-1
	8.470000000000000e+2	-1.543900000000000e-1		8.470000000000000e+2	-1.406740000000000e-1
	8.480000000000000e+2	-1.430490000000000e-1		8.480000000000000e+2	-1.397070000000000e-1
	8.490000000000000e+2	-1.269110000000000e-1		8.490000000000000e+2	-1.293770000000000e-1
	8.500000000000000e+2	-1.079890000000000e-1		8.500000000000000e+2	-1.074150000000000e-1
	8.510000000000000e+2	-8.794660000000000e-2		8.510000000000000e+2	-7.609200000000000e-2
	8.520000000000000e+2	-6.840080000000000e-2		8.520000000000000e+2	-4.193680000000000e-2
	8.530000000000000e+2	-5.150210000000000e-2		8.530000000000000e+2	-1.348860000000000e-2
	8.540000000000000e+2	-3.867890000000000e-2		8.540000000000000e+2	2.178780000000000e-3
	8.550000000000000e+2	-2.967930000000000e-2		8.550000000000000e+2	2.857510000000000e-3
	8.560000000000000e+2	-2.320980000000000e-2		8.560000000000000e+2	-7.813810000000002e-3
	8.570000000000000e+2	-1.750040000000000e-2		8.570000000000000e+2	-2.253260000000000e-2
	8.580000000000000e+2	-1.080890000000000e-2		8.580000000000000e+2	-3.356940000000000e-2
	8.590000000000000e+2	-2.146830000000000e-3		8.590000000000000e+2	-3.568970000000000e-2
	8.600000000000000e+2	8.733990000000000e-3		8.600000000000000e+2	-2.805700000000000e-2
	8.610000000000000e+2	2.160770000000000e-2		8.610000000000000e+2	-1.438320000000000e-2
	8.620000000000000e+2	3.602970000000000e-2		8.620000000000000e+2	-1.130130000000000e-3
	8.630000000000000e+2	5.142720000000000e-2		8.630000000000000e+2	5.653180000000000e-3
	8.640000000000000e+2	6.689560000000000e-2		8.640000000000000e+2	3.657750000000000e-3
	8.650000000000000e+2	8.135550000000000e-2		8.650000000000000e+2	-4.634790000000001e-3
	8.660000000000000e+2	9.430740000000000e-2		8.660000000000000e+2	-1.327600000000000e-2
	8.670000000000000e+2	1.064620000000000e-1		8.670000000000000e+2	-1.510140000000000e-2
	8.680000000000000e+2	1.192490000000000e-1		8.680000000000000e+2	-4.746440000000000e-3
	8.690000000000000e+2	1.335930000000000e-1		8.690000000000000e+2	1.866150000000000e-2
	8.700000000000000e+2	1.488000000000000e-1		8.700000000000000e+2	5.055220000000000e-2
	8.710000000000000e+2	1.627230000000000e-1		8.710000000000000e+2	8.209010000000000e-2
	8.720000000000000e+2	1.726560000000000e-1		8.720000000000000e+2	1.032160000000000e-1
	8.730000000000000e+2	1.761490000000000e-1		8.730000000000000e+2	1.071010000000000e-1
	8.740000000000000e+2	1.720940000000000e-1		8.740000000000000e+2	9.305500000000000e-2
	8.750000000000000e+2	1.607420000000000e-1		8.750000000000000e+2	6.605409999999999e-2
	8.760000000000000e+2	1.427870000000000e-1		8.760000000000000e+2	3.434710000000000e-2
	8.770000000000000e+2	1.193950000000000e-1		8.770000000000000e+2	6.138340000000001e-3
	8.780000000000000e+2	9.289720000000000e-2		8.780000000000000e+2	-1.358410000000000e-2
	8.790000000000000e+2	6.665570000000000e-2		8.790000000000000e+2	-2.460750000000000e-2
	8.800000000000000e+2	4.366310000000000e-2		8.800000000000000e+2	-3.115560000000000e-2
	8.810000000000000e+2	2.453860000000000e-2		8.810000000000000e+2	-3.998360000000000e-2
	8.820000000000000e+2	7.364140000000000e-3		8.820000000000000e+2	-5.709560000000000e-2
	8.830000000000000e+2	-1.040930000000000e-2		8.830000000000000e+2	-8.433130000000000e-2
	8.840000000000000e+2	-3.048480000000000e-2		8.840000000000000e+2	-1.181530000000000e-1
	8.850000000000000e+2	-5.282450000000000e-2		8.850000000000000e+2	-1.512460000000000e-1
	8.860000000000000e+2	-7.574920000000000e-2		8.860000000000000e+2	-1.758500000000000e-1
	8.870000000000000e+2	-9.763440000000000e-2		8.870000000000000e+2	-1.867870000000000e-1
	8.880000000000000e+2	-1.178910000000000e-1		8.880000000000000e+2	-1.832220000000000e-1
	8.890000000000000e+2	-1.362810000000000e-1		8.890000000000000e+2	-1.691300000000000e-1
	8.900000000000000e+2	-1.518910000000000e-1		8.900000000000000e+2	-1.518420000000000e-1
	8.910000000000000e+2	-1.629090000000000e-1		8.910000000000000e+2	-1.387650000000000e-1
	8.920000000000000e+2	-1.679400000000000e-1		8.920000000000000e+2	-1.339530000000000e-1
	8.930000000000000e+2	-1.671920000000000e-1		8.930000000000000e+2	-1.366900000000000e-1
	8.940000000000000e+2	-1.620540000000000e-1		8.940000000000000e+2	-1.423910000000000e-1
	8.950000000000000e+2	-1.540580000000000e-1		8.950000000000000e+2	-1.449430000000000e-1
	8.960000000000000e+2	-1.441520000000000e-1		8.960000000000000e+2	-1.396700000000000e-1
	8.970000000000000e+2	-1.325810000000000e-1		8.970000000000000e+2	-1.257360000000000e-1
	8.980000000000000e+2	-1.192130000000000e-1		8.980000000000000e+2	-1.068100000000000e-1
	8.990000000000000e+2	-1.038930000000000e-1		8.990000000000000e+2	-8.981650000000000e-2
	9.000000000000000e+2	-8.665529999999998e-2		9.000000000000000e+2	-8.212610000000000e-2
	9.010000000000000e+2	-6.749540000000001e-2		9.010000000000000e+2	-8.774690000000000e-2
	9.020000000000000e+2	-4.597450000000000e-2		9.020000000000000e+2	-1.048460000000000e-1
	9.030000000000000e+2	-2.160350000000000e-2		9.030000000000000e+2	-1.263990000000000e-1
	9.040000000000000e+2	5.161050000000000e-3		9.040000000000000e+2	-1.430570000000000e-1
	9.050000000000000e+2	3.298370000000000e-2		9.050000000000000e+2	-1.467670000000000e-1
	9.060000000000000e+2	6.022970000000000e-2		9.060000000000000e+2	-1.337670000000000e-1
	9.070000000000000e+2	8.562149999999998e-2		9.070000000000000e+2	-1.059200000000000e-1
	9.080000000000000e+2	1.089910000000000e-1		9.080000000000000e+2	-7.011270000000000e-2
	9.090000000000000e+2	1.308130000000000e-1		9.090000000000000e+2	-3.551850000000000e-2
	9.100000000000000e+2	1.509620000000000e-1		9.100000000000000e+2	-9.711290000000002e-3
	9.110000000000000e+2	1.682250000000000e-1		9.110000000000000e+2	4.645830000000000e-3
	9.120000000000000e+2	1.811150000000000e-1		9.120000000000000e+2	1.052860000000000e-2
	9.130000000000000e+2	1.889200000000000e-1		9.130000000000000e+2	1.438120000000000e-2
	9.140000000000000e+2	1.918090000000000e-1		9.140000000000000e+2	2.302550000000000e-2
	9.150000000000000e+2	1.894030000000000e-1		9.150000000000000e+2	4.057020000000000e-2
	9.160000000000000e+2	1.804990000000000e-1		9.160000000000000e+2	6.619649999999999e-2
	9.170000000000000e+2	1.644720000000000e-1		9.170000000000000e+2	9.390310000000000e-2
	9.180000000000000e+2	1.421500000000000e-1		9.180000000000000e+2	1.144800000000000e-1
	9.190000000000000e+2	1.155760000000000e-1		9.190000000000000e+2	1.192500000000000e-1
	9.200000000000000e+2	8.674310000000000e-2		9.200000000000000e+2	1.040280000000000e-1
	9.210000000000000e+2	5.716360000000000e-2		9.210000000000000e+2	7.093130000000000e-2
	9.220000000000000e+2	2.759730000000000e-2		9.220000000000000e+2	2.732930000000000e-2
	9.230000000000000e+2	-1.017870000000000e-3		9.230000000000000e+2	-1.731020000000000e-2
	9.240000000000000e+2	-2.678240000000000e-2		9.240000000000000e+2	-5.503020000000000e-2
	9.250000000000000e+2	-4.734070000000000e-2		9.250000000000000e+2	-8.195930000000000e-2
	9.260000000000000e+2	-6.142440000000000e-2		9.260000000000000e+2	-9.919830000000000e-2
	9.270000000000000e+2	-6.990220000000000e-2		9.270000000000000e+2	-1.115790000000000e-1
	9.280000000000000e+2	-7.522970000000000e-2		9.280000000000000e+2	-1.248490000000000e-1
	9.290000000000000e+2	-7.996090000000000e-2		9.290000000000000e+2	-1.427120000000000e-1
	9.300000000000000e+2	-8.526330000000000e-2		9.300000000000000e+2	-1.644660000000000e-1
	9.310000000000000e+2	-9.074040000000000e-2		9.310000000000000e+2	-1.850310000000000e-1
	9.320000000000000e+2	-9.575980000000000e-2		9.320000000000000e+2	-1.975750000000000e-1
	9.330000000000000e+2	-1.001400000000000e-1		9.330000000000000e+2	-1.966970000000000e-1
	9.340000000000000e+2	-1.036370000000000e-1		9.340000000000000e+2	-1.810160000000000e-1
	9.350000000000000e+2	-1.058940000000000e-1		9.350000000000000e+2	-1.541720000000000e-1
	9.360000000000000e+2	-1.064720000000000e-1		9.360000000000000e+2	-1.239040000000000e-1
	9.370000000000000e+2	-1.049590000000000e-1		9.370000000000000e+2	-9.951550000000000e-2
	9.380000000000000e+2	-1.018010000000000e-1		9.380000000000000e+2	-8.862770000000000e-2
	9.390000000000000e+2	-9.865840000000000e-2		9.390000000000000e+2	-9.423039999999998e-2
	9.400000000000000e+2	-9.739720000000000e-2		9.400000000000000e+2	-1.130700000000000e-1
	9.410000000000000e+2	-9.841370000000000e-2		9.410000000000000e+2	-1.373320000000000e-1
	9.420000000000000e+2	-1.001310000000000e-1		9.420000000000000e+2	-1.585100000000000e-1
	9.430000000000000e+2	-1.002740000000000e-1		9.430000000000000e+2	-1.708110000000000e-1
	9.440000000000000e+2	-9.757150000000000e-2		9.440000000000000e+2	-1.732660000000000e-1
	9.450000000000000e+2	-9.187640000000000e-2		9.450000000000000e+2	-1.694390000000000e-1
	9.460000000000000e+2	-8.343920000000000e-2		9.460000000000000e+2	-1.650000000000000e-1
	9.470000000000000e+2	-7.223980000000000e-2		9.470000000000000e+2	-1.646930000000000e-1
	9.480000000000000e+2	-5.733770000000000e-2		9.480000000000000e+2	-1.694780000000000e-1
	9.490000000000000e+2	-3.777380000000000e-2		9.490000000000000e+2	-1.754240000000000e-1
	9.500000000000000e+2	-1.405900000000000e-2		9.500000000000000e+2	-1.754330000000000e-1
	9.510000000000000e+2	1.184210000000000e-2		9.510000000000000e+2	-1.623280000000000e-1
	9.520000000000000e+2	3.789060000000000e-2		9.520000000000000e+2	-1.318500000000000e-1
	9.530000000000000e+2	6.333310000000000e-2		9.530000000000000e+2	-8.481350000000000e-2
	9.540000000000000e+2	8.821220000000000e-2		9.540000000000000e+2	-2.766540000000000e-2
	9.550000000000000e+2	1.119670000000000e-1		9.550000000000000e+2	2.923810000000000e-2
	9.560000000000000e+2	1.332470000000000e-1		9.560000000000000e+2	7.539330000000000e-2
	9.570000000000000e+2	1.508590000000000e-1		9.570000000000000e+2	1.041360000000000e-1
	9.580000000000000e+2	1.643410000000000e-1		9.580000000000000e+2	1.148960000000000e-1
	9.590000000000000e+2	1.738370000000000e-1		9.590000000000000e+2	1.123670000000000e-1
	9.600000000000000e+2	1.794180000000000e-1		9.600000000000000e+2	1.032850000000000e-1
	9.610000000000000e+2	1.805430000000000e-1		9.610000000000000e+2	9.328240000000000e-2
	9.620000000000000e+2	1.762170000000000e-1		9.620000000000000e+2	8.481540000000000e-2
	9.630000000000000e+2	1.657360000000000e-1		9.630000000000000e+2	7.625989999999998e-2
	9.640000000000000e+2	1.494400000000000e-1		9.640000000000000e+2	6.284930000000000e-2
	9.650000000000000e+2	1.287980000000000e-1		9.650000000000000e+2	3.941470000000000e-2
	9.660000000000000e+2	1.051580000000000e-1		9.660000000000000e+2	3.573730000000000e-3
	9.670000000000000e+2	7.872950000000000e-2		9.670000000000000e+2	-4.217820000000000e-2
	9.680000000000000e+2	4.972310000000000e-2		9.680000000000000e+2	-9.074130000000000e-2
	9.690000000000000e+2	1.860700000000000e-2		9.690000000000000e+2	-1.329860000000000e-1
	9.700000000000000e+2	-1.332670000000000e-2		9.700000000000000e+2	-1.611390000000000e-1
	9.710000000000000e+2	-4.462050000000000e-2		9.710000000000000e+2	-1.716380000000000e-1
	9.720000000000000e+2	-7.421060000000000e-2		9.720000000000000e+2	-1.666980000000000e-1
	9.730000000000000e+2	-1.015870000000000e-1		9.730000000000000e+2	-1.536240000000000e-1
	9.740000000000000e+2	-1.263360000000000e-1		9.740000000000000e+2	-1.418800000000000e-1
	9.750000000000000e+2	-1.475030000000000e-1			
	9.760000000000000e+2	-1.634770000000000e-1			
	9.770000000000000e+2	-1.731460000000000e-1			
	9.780000000000000e+2	-1.772600000000000e-1			
	9.790000000000000e+2	-1.777290000000000e-1			
	9.800000000000000e+2	-1.760070000000000e-1			
	9.810000000000000e+2	-1.720530000000000e-1			
	9.820000000000000e+2	-1.646320000000000e-1			
	9.830000000000000e+2	-1.529740000000000e-1			
	9.840000000000000e+2	-1.382520000000000e-1			
	9.850000000000000e+2	-1.226800000000000e-1			
	9.860000000000000e+2	-1.072440000000000e-1			
	9.870000000000000e+2	-9.102800000000000e-2			
	9.880000000000000e+2	-7.237020000000000e-2			
	9.890000000000000e+2	-5.103470000000000e-2			
	9.900000000000000e+2	-2.890650000000000e-2			
	9.910000000000000e+2	-8.612490000000000e-3			
	9.920000000000000e+2	8.304079999999998e-3			
	9.930000000000000e+2	2.230260000000000e-2			
	9.940000000000000e+2	3.440630000000000e-2			
	9.950000000000000e+2	4.434360000000000e-2			
	9.960000000000000e+2	5.114280000000000e-2			
	9.970000000000000e+2	5.426080000000000e-2			
	9.980000000000000e+2	5.428450000000000e-2			
